55555055500000005000000000000000000000000064886847464422852655830554856545340302303455575853384444424444243458835548844300000000000000000055500000000000000000000005
5555550000000000000000463866844354038224428203544866555543432445486852484234000004304453404545555883454884565458455555055500000000000000000000000000
858648453540082233382056548555544443334354868502842322333344044343538843658800805000000000000000000000000000055555555555555
68648463640082233282056548555544443334354868622842323333344044343538843658800805000000000000000000000000000055555555555555
8587683550442283033584035548565343323005003233548485028000000434434353880465874757400000000000000000000000000555555555
858758363333008223338203553856555440022200334474853282223300343033338834508840404000000000050550000000000000005055555
8486684454643282443820355485554545434202223548585338324422444435445554503353538830558867000000000000000000000000000
758748043045038023338220544856554005384852282203000000030338834548845305555555555555555555555555555555555555555555
858778444033228243084035528554443432000022233858543383224022400000003030334343883355887700000000000000004000000505
85876847435220824550840254485655554040243344557585308323443444424043883555884300000000000000000000000000000000000
868668445340008045084005448555553544403233345858522842334344445450536253538830558877000000000000000000000000005
868768364354038235508422554856555443044444343455858523840320034644340338845058808500000000000000000000000000000
858548545500803300850053385550400000608568450008204308203554856545330000000225585842384004004042243338835558823
86875834404600822435844354485654443422325384840282204043333343438805548843005003000055500000000000000004003005
8687683540500082033382035258565443344445035434548585238203440544424050880574880005550000000000000000000004000
858648453338224308523635856534240002205385853283230403400000043438834558843007760000000000000000000000003000
858768353343038033343820253485545530040030022364858523830030244243434088340588555050000000000000000000005500
86876844334403823450820355485654443400302345586853284033044334033438834558845855000000000000000000000005000
85854844354230824438302544855534440242233447585238223302430433343340438834558875000000000000000000000000005
85875834404322832333820255485653432220050332335485852280030004444340538803658507550000000000000000000000000
85865806433822343832354485555435204200235486852284445334344043438835538843004505500000000000000000000005005
85865835348222432444842353485654534232222223438485328223434453423343884454882765400000000000000000000000000
85876834405302842333830354485555433344450244345486852280000004444340508804648746050000000000000000000000000
85876835535022822332840054485654433435450244345486843383304505403350880574874000000000000000000000000004005
85876835434300820342820565485654532240050342435585853083033004044040538805648807560000000000000000000000000
85874844304523823342822354485654432002000022354848503842330000000334588345588476550000000000000000000000055
85876834334433800542832253485644433000000023558484208400300000303033883360870867000000000000000000000000000
85876845405400823445830353485653432220050032335486852280030000050043508805758746570000000000000000000005005
84876836434302800345840355485653433233050232335486850380030004454343538804758506560000000000000000000003005
85864834335403800300820054485653434444400323548685008400440460404343883553880856000000000000000000000000000
85885834535322822345840355585654442444454343335485852382000000050000508805648806505003000000000000003000000
85876834304302823335840355485653432230050332335485853283000004454040538805648807560000000000000000000000000
84876834404022822335842355385653433220450232335486853282030004444343538804548807560000000000000000000000000
85874844404503822433820254485655532030040002225485850282200043004353438805648608670000000000000000000000050
85886835504000822345850365585654433440450244345485852382000000030033508805558805000000000000000000000000000
86874844504503822443820053485655432040000000335486850383330444504043438834748808570000000000000000000000055
85875844504300822440842365585655433340450044335485852282000000350033508805658805005500000000000000000000050
85886844504300822450850565585655433340450044345485852282020000052033508805658805000000000000000000000000000
86876844504503822442820053485655533040000002235486860284230444534343538834648808570000000000000000000000055
8586584533450382344484235438565443400440323354858530842044444443433388346487075630020000000000000003355535
8587583533440382344384205548563344344253322353858423830300000433333388356487075600020000000000000000240005
8587683443542282234584235548565343323045003233558685328203000434434050880465884605000000000000000002303000
8587684530540382343282025448565344340440022354858500840044046040434388355587075600000000000000000000005005
8587684543440382255382005448565444300000023354858520840040445040304388355588086600000000000000000000003000
8587684540550482253282005348565453340500034254858503832333345443435388045587086600000000000000000000000000
8586683530440380353283225548565344343422222253858430840000046040434388355488086600030000000000000000324000
8687483430440382243382235448555443320300022254848520832003346443334388455588085600000000000000000000005000
8587484443440382053382205448565444300020022354858523832330045043434388355587085600000000000000000000005005
8687683443440382244382025348565454320220023355858522842330345040434388346587085600000000000000000000005000
8587684543440382244282225348565343400320022255858500842330446040434388346587085600000000000000000000005000
8587484453440382233382025248565554300000033354858402832300040040435388355588086700000000000000000000004000
8686483553550382353083225348565343340300022253858500840030445040333388355585075600000000000000000000000050
8587484453440382233382205348565554404204232254858502840304000000304388345588086630000000000000000000005000
8586483640440380040082005448565344404500023354868400840044446440434388355587086600000000000000000000000000
8587583450550482243382035448565344300320022254858502842233445040334388355586076600000000000000000000000000
8586683643430380043082025448565344444440232354858400840004447440434388355487086600000000000000000000000000
8687583450540382244383225448565343300220022253858520840034445040334388355586086600000000000000000000000050
8587483450450382243382025548565554300000023254868502832030040040435388347587086700000000000000000000005000
8685683433032082333382025348565342000000022254868503842004445440334388346386086600000000000000000000300000
8686683540440380034282005548565353344450033454858500840004446440434388465587086700000000000000000000000000
8586583440440380033382025448555353404450022354858400842004446440434088355487086700000000000000000000000000
8686583433033082333282025348565342000000022254868503842004445440334088346387086600000000000000000000305050
858558453344238224308423653856534350053243548485338340430434434030883573880765000000000000000030002334335
858768444344008204338403634856544242040002035484840083200004003343880570870755000000000000000000000030000
848768355340208323458403554856544323402502343454868522820330000400304388057485065000000000000000000004005
858668443344038235308522643855534334004002235485843084004444604043438845548607570000000000000000000003005
858668343044038235308502643855534434044033335485852084000044604043438845048707570002000000000000000003005
858668454354038005408522643855534334004002235485842084004044644043338845348707560002000000000000000003005
848748344040038224328220534855444230022024484852384003003000033434088307087655000000000000000000000005000
85864844500820332820254485555533000335384853283034304543043435388056488050055500000000000000000000005005
85864845435523822330820254485653433342332548684228223030000404555880464880765000000000000000000000004000
85864835333822430820263485655524002220538485328242444003304043880454884300655005000000000000000000005000
85864835442282233382235248464344344342222253868523840032304003400334088346588050055000000003000400030355
85874844404423822330842264485653423030232538584228320000004504345883564880765000000000000000330205405005
85864844304423820332820263585653403050033548585238320033004504545880463880775000000000000000040000005005
85864844433325833308200544855434322222225484852084200330350030334388356087755000000000000000000000004005
85874835304423832433822363485653400000032538584238323034004503335883575870755030000000000400240003025055
85875844304322820330822063485653424043033548685228300033004524555883455885555500000000000000000000003005
85866835434400802332820555485654432220050332335586850284054044355340538804748707550000000000000000000005
85875835404332822440822264485653444440323548585238320030404534345883455880500655000000000000000000003005
85875835304322820432822263485653444440333548685238320030404534345883455880300655000000000000000000003005
85866835434320802330830355485654432220050332335586850284054044355340438804748707550000000000000000000005
8686680444340382244383235448565444324443323354858502820340040443333388355486075600020000000000000000355
8087484430442282235584205538555343424223354868503822232032452434588357585075500000000000000000000000000
8587583443400380234383255548565344342405422233558685328203000434303053880454880666000000000000000000005
8687684450400082445584035548565443224445302223548685028203300005303340883570850765000000000000004000000
8587683430450282334082025448564542323302223354848503840030000304088345588475500000000000000000000005505
8586483440420380030832053485543432232023538485238420300000000304388347387755000000000000000000000305005
8487484430440382033282236448565342305003254858533830000000450454588036388076500000000000000000400320055
5555550000000000000000663866844044028223438200545865555550000055555850000050505555500000000055055555558
858648353044038224328223528565342444023353868403822000000450435588356488085600000000000000000003004305
85864844450482333085005548555452340222354868502822330440403040438830708877000000000000000000000000000
86864805334822430832053485654404000220538585408424000000000000883565870500556000000000000000003003005
85856825004803330840055385654522032225484843384223003043040408834548807500000000000000000000000005000
86865836333822333832253485555433022025386852284434033243033438835508848550000000000000000000000005005
85866844433008203438302523855444200020243858530840000000003033883453885700000000000000000005005505055
8586483433480343085005548555453420222254858522820003403434250438830558867000000000000000000000000000
848748340440380344384235548564342003200538585038400000000003333883453885700020000000000000003240005
858758443044308234428320534856435200000002234484840383233303334388357087075500000000000000000004000
858758344043038005438300534856545230202025384840084200000003088055487575700000000000000000000300000
85874844304403822303820052485644320002035385850380000000000088346487075500030000000000000000053005
858648345533803430850054485654523402223548585228223304405240535388305588650000000000000000000000
858548443402803330830053485654400202538585038303303000000040538834558857000000000000000003203005
858658544300082033483225348544442300200538584008400000030030308804508857500000000000000334343555
858758443432282233584005248554540000200438584328400000000030038834508855000000000000000004355055
85865855000800333855555545002035486850284434033243030438835508808550000000000000000000000005005
85864845043383344584235248564540000300043858530840000000338805558867000000000000000030055505555
8585685058005558202544856554430000000035485850083000004600330508806058808660000000000003005505
858658050348034428442645855534300000205485850384000000000053880455885700000000000000000050005
85864844340008203338402533855444340020243868530840004004003333883450886500000000000000003055
55555555555555555000405486483403303800333830054285643403003002053868520840000030408805358840
5555555555555050000000508648440040082045085004448564340300600225386850084000004053883505885
555555555555050000000060864834033008203308400452856434040042205486850084000003043883503885
555555555555550550000060864834243228203308400452856434030242205386840084000003243883503885
858758000080034382004448554040000033868502830300000040883455885005555550555555555555555555
85875844404403822432822254485654433004004003255858502840343445043405088350588005000000005
85866844405403804352822054485654523444403032253858502832330045043305388050388004044000000
85876834335403822453830053485654523406004022354858503840030445040404388054488050000000000
86864846455503800332820054485655544435444333254858600840000044443404388345088005000005050
86875846404403800332820053485654544435444333254868600840000044343404388345088005000005050
5555500000000000000000663886844044028203538200545866555400000000000000000000000000055558
5555555555550000000056386484404000820000820055485643320000000538684008403000304388354388
8686400000330820345385555305500000000546685038520000000438845638843000000000005555555555
555555555555555000504363866834303820333806038665342400502024486850084000004053880403884
555555555055555550000050864834043028203308500454866433020254868520840000030438806048854
555555555505000000050854804033008200308500452856434030040020538685008403000405388350488
858655000033082035448555408500800000044668500840000050538835538800000000000005555555555
858665000034082035548555408500800000044668500840000050538835538800000000000005555555555
858665000034082035448555408500800000044668500840000040538835538800000000000005555555555
858655000033082035448555408500800000044668500830000040538835528803000000000005555555555
858644000000080000538555508500800000044668500840000040558845538823000000000005555555555
85876844004403803033282005348565444300504003225485850284200004504340538835058800500000
55555500000055386483434430280043085034448564340400022325486852084000003053880554884055
55555550000000554864834030300820333824035485643303005000053868503840000030308804648840
55555500000000463866834030300820330824035386653404004022053868500840000030538804558840
55555500000055386483433330280043085034448564340400022325486852084000003053880554884055
55555000000000564864834033302820443834005385643403004002054868503840000030308804548840
55555505000000550864834033000820333824035485643403005020054868503840000030338804638840
55555550000000560864804030300820332824055485643404005002053868500840000030538804648800
55555500000000550864834333000820433824045485643403005020054868503840000030338804648840
55555500000000550864834033402820430823045385643434005020054858503840000030438804648840
55555500000000550866834033300820330825055485643424005020054858500840000030408804638840
55555500000000550864804030300820332825055485643404005002054858500840000030438804658800
55555505000000550864804030300820332824055385643404005002054858500840000030438804658800
55555555000000560864834033402820433823045385643424005020054858503840000030438804648840
55555555000000550864834033402820430823045385643434005020054858500840000030408804648840
55555500000000550864804030300800330825055485643424005020054858500840000030438804758840
55555500000000550866804030300800300825055485643424005020054858503800000030438804758840
55555505000000553864834333000820333824045485643423005020053868503840000030308804648840
55555555000000560864834033300820333824055485643424005022054868500840000030438804648840
55555500000000550864834000000800303824035485643403005020054868503840000030338804648840
55555505000000550864834333000820333824045485643303005020053868503840000030338804648840
55555500000000550864834030000800332824035485643323005020053868503840000030338804648840
55555500000055386483423330280043085004448564340400322225486852084000003053880554883055
55555500000000463864834233302820330820055485643434005022054868500840000030438804648844
55555000000000550864844030300820330824045285643403004002054868520840000030438830658840
86864846038005328300453855454300000000003335386850084000003043880053885550050005005005
85865800033382234548565508500800032244668502840020030538835538820000000000005555555555
86865400003308203553855550550080000024466850084000003040883452882000000000000555555555
5555550000000055086483403030080033082505548564340300500054868500840000030438804758840
5555550000000055086480403030080033082505548564340000000054858500840000030438804758840
5555550000000055086483433300082033382403548564340000000054868503840000030338804648844
5555550000000055086483403340282033082304538564340300000054868500840000030408804648844
5555550000000055086483433330082033082403548564340300402054868503840000030338804648844
7686440000330820345385545055008000000446685008400000304088355388400000000005555555555
555555500000563864834233300800403825055385643404003022054868500840000030438804758840
555555500000564864834033302820433834005385643403004002054868500840000030308804548840
555555500000563864834033302800330824055385643403003022054868500840000030438804758840
555555500000560864834300000820430822045385653434005022253868500840000030538804058840
555555500000564864834033302820433834005385643403004002054868500840000030308804548840
555555500000573864834030300800330824055385643403003022054868500840000030438804758840
555555500000550864834030300800330824055385643403004022054868500840000030438804758840
555555500000563864834033302800330824055385643403003022054868500840000030438804758840
555500060854834044028005438200534866444030050222548685208400000424388040488004000055
555550060854834043028005308200544866443240050222548685008400000335388050488435000000
555500060856844030008005508200444856443040030220548685008400000334388050488200000000
555500070856844040308005508200444856444030050222548685008400000325388060488000050055
555500075856844040308205508200444856444030050222548685208400000425388040388000000055
555555500000554864834000300800403825055385643404005022053868500840000030438804758840
555555000000554864834000300800403825055485643404005022054868500840000030438804658840
555555500000553864834033300800403825055385643403003022054868500840000030438804658840
555555500060560864834030000820330822045385643404005022053868500840000030538804658840
858648000430820355385555055007000000436685008500000305088345288400000000005555555555
85875835404302802343832255485643005000000000588055088085500000000000000000000040005
85854844308203308203343855443000000003286850084000000030880553886750055555555555555
85846000003338203453855550550085002024466850084000003040884562884000000000055555555
85806000003338203443855550550085002224466840084000003043883550884000000000555555555
86865800003338203453855440550080000004466850354000000053783453884000055555555555555
55555000000000000000007638868440440282235382005558666554300000000000000050005555788
7587480440452382234383235448564442000005385852383200000000000438834548844004005055
5555000608648340430082030380733856443340040222548685008400000324388060488000000005
5755000608648440430082033580633856443030050222548685008400000304388050488405000000
5655000608648440430082033580733856444030050222548685008400000304388060588004050055
5655000638648440430082033580733856444030050222548685008400000304388060588004050055
5655000608648440430082033580733856444030050222548685008400000324388060488204050055
5555000608548040400080040480483856443040030220548685008400000304388050488230000005
5555000608548340430080033580483867443040030220548685008400000304388050488234000505
5555000638648440430082033380733856443330050222548685008400000324388060488204000055
5555000608668440400080030380483867443040030200548685008400000305388050488455003005
5555550000000055086480403030080033082505538563330400502005485850080000408804758800
8685580440500505308300453856544400000000000000303548685008300000304088060088550055
6585580450000550830345385554433000000300000003558685008300000400504088066088403055
6585580450000550830335385554333000000000000003558685008300000400504088066088403055
6585580450000550830345385554333000000000000003558685008300000400504088066088405055
8580600000333820345385555055008500202446685008500000304088356288400000000555555555
8586480004338223443855430850085002203466850285000003040883452884000005555555555555
8685540000432820335485655054008504320446685008500000000408845508840300000055555555
858768354044028223408200554856545533040502323355868533820030000000404088005488430
858768343044038024428202524856555440400032335485853084233300000033408844058800505
868668343054038223408320444856554430000020325485850284030000424030308844338825305
868668353054048204428200554856555440000002335485852084000000000030308844508805005
858668000333822345485555255038000000546685008503200404388355288200005005555555555
868768344054038034428322544856554443400033435486852284200000000043308845508805505
85865834404402822333820053485654433000000022538585038422330440324053883553880500
55550006086684404400800503804738565432400302005486850084030003053880504884304000
8586580004338203553855550550080000004466850084000000040883452884330300000050005
8586480004338223454855540550080002204466850084000003040883452884330300000050035
8586580004338223454855550550084003204465850084000003040883452883030300000050005
868558040000030530830345385554530000000000000000054868503830000050408806048854
768568045050000530830045285554000000000000000000355868500830000004088066388405
758444000004408323453856553330000000005566850084233333334588344388433000000005
85864804300000530433822253385553443200002222338585038320330330334343883054884
55550005085583403003830530820055485643402005002254868500840000030438836038843
55555006585683404002800330820055485643333005020254858520840000030438834338840
55550005085484403300820500850055485643304003002054868500840000030538836038843
55550005085484403300820500850055485643403005202254868500840000030438836038843
55550006085483404303800540850053486653403006022254868520840000030538804448803
55550006085483404302800530850053486654403005022254868520840000232538834058843
55550005085684404032820550820044485643403005022254868500840000030538804448840
55550007085684403030820550820044485643423005022254868520840000040538834048843
55550005085684404302800533820055485653424006022254868520840200242538835048843
55555006085483404303800530850053486654403005022254868520840000042538834058843
55550006086684404002802443850055585653400005000055868600000000040438835038840
55550006086484404302802443850043485643403005022254868500840000040438835348840
55550006086484404302802433850053485643403005002254868530840000040438835048840
55550006086484404302802433850043485643403005002254868520840000040438835048840
55550006086484404302802433850054485643403005002254868530840000040438835048840
55550006086484404302802443850043485643403005022254868500840000040438835348840
55550006386484404302802443850053485643403005002254868530840000040438835048850
57550006386484404302802433850054485643403005022254868532840000030438835048840
55550006086484400400820450820045485643403005002253868500840000030538835058843
55555006087480400000820330832055385543300000000030436685208400000004388050488
55555006085483403300820330850055485643300000002054868500840000032408806038840
55555006085483400000820330850045485643300000002054868520840030030438804038840
55555006086483403002800330850055285643400005002054868500840000030408806038840
55555006085483404422800440820054485653403005022254868520840000042538835038840
55555505585455050000050005050050500555555508000054868500840000030508805008843
55550006086684430300800430820043485653403003002054868500840000030438805038843
55550006086683400400800430820053485653403003002054868520840000030438806408803
55550006086484430400800430830043485653403003002054868500840000030438805438843
85864800000433822344385543530000000446685008500000005588345088505050505005555
85865800000433822344385553530000000446685008500000005588345088505050505505555
5555000608648440430280244385005448565340000023254868532840000040438835048840
5555500608648340300280033085005548564340000302054868520840000030438806048843
808668450038204308002554855545340200000225585840384004004050040308835458845
858847008034408003544855354300003305384850082000000308835508800000055055555
868768353044008233528000544856535005555850440005045404588344088005000005000
858568000080033083223548555442000050550000000005386850084000000040880563886
555500060864834043008203338047385653400003000254868500840000030508835038854
555500060864844043008204538247385653324004022254868500840300040438804038844
555500060864844033008203438247285643324004022254868500840300030438835038844
555500060864834033008203438247285643323004022254868500840000030438805038844
555500060864834033008204438247285643324004022054868500840000030438805038844
555500060864844033008204438247385643304000022054868500840000030438805048845
555500060864844043008203438247385643404000022254868500840000030438805038845
555500060864834033008203538247385643304000022054868500840000030438805048845
555500060864844033008004338047385653324003022254868500840000030438804038844
555500060864834033008203438247085643324004022054868500840000030408835038844
555500060864834033008204438247385643404000022054868500840000030438805038845
555500060864844033008203538247385643324004022254868500840000040438804038844
555500060864844043008204538247385653424004022254868500840000042438804038844
555500060864834033008203438247285643304000022054868500840000030408835038845
555500060864844043008203438247385653324003022254868500840000040438805038844
555500060864844033008204538247385653324004022254868500840300040438804038844
555500060864844033008203538247385643304000022254868500840000030438805048845
555500060864844033008203438247385643324003022254868500840000040438804038844
555500060864844033008203438247385643334004022254868500840200242438835038845
555500060864844033008203438247385643324003022254868500840000030438835038844
555500060864844043008204538247385653324004022254868500840200030438835038844
555500060854844043008203438247285643304003002254868500840000030438835038844
555500060864844033008203538247285643324004022254868500840300030438835038844
555500060864844033008203538247385643324004022254868500840300030438834038844
555500060864844033008204538247385643324004022254868500840300030438804038844
858648000333822345385555054508500220336685008400000305388045288203030050505
858668000530800044485543055008000300446685008400000305088355088000000050505
86866806043028223328303443855353200002325386850084030003243880435874555505
86856806043028203328323443855453200003325386850384030004053880463864305555
86846804050008004328523443855354200022305386852384030004243880463850305555
86866804050008004008503443855454300002305386852284030003253880435870555555
86856804050008004328423343855454300003325386850384030004053880463850305555
86856804050008004328422343855454300003325386850384000004053880453850305535
55550006086483403300820343824728564330300400054868500840000030438805038844
55555006086483403302800430850044485643400000205486852284000003040880503885
55555006086483403303800430820053485640300000054868520840000030408805038844
86866400000338203554855530555084002024466850084000003040883552880000005000
86846500000033383233438555305500730022244668500840020042438835528840300000
85846500000033383233438555305500500022034668500840020032438834528840300000
85854800053382053485655085008000000546684008400000004088345088400000055005
76854500000430820335385555345007500223446685028523300330538835608840300000
75844000000430820035385655000000000005466850084004003304388355388433003004
8586680443280340283205538565332200002234385853005800400000003043883063884
5556000608668343038003038060386653324005020044868500840000040538804048843
5555500608648340330280030085004448564040020053868420840000030438804048840
5555500608648340330280030085005448564040020053868520840000030438804048840
5555500608648340300280030085004448564040020053868520840000030438804048843
5555500608548340300380030085004348564040020053868500840000030538804038840
5555500608648340330380030085004348564040020053868500840000030538804038840
7586480003338223454855540550080000003466850085000000040883450882000000005
7587480004308203454856550550084002004466850084000003040883450884000440335
8586480003338203454855540550080000004466850084000000040883450882000000035
8586480003338203454855540550080000004466850084000000040883450882000000335
8586450000033383233438555305500700000234668500840000030438835528840300000
8585550000033382233438555305500700000244668500840000030438835528840300050
8583650000003338223343855535530700000244668500840000030408834528830300000
8686540000033820345385655085008000000436685008500000004088355088305005555
8586480004338223453855450550070002003466850084000000040883450882000040505
7685540000033382234538555505500850020234668500850000030408835508830000005
8586480000038203453855550550080002003466850084000003050883550882000050505
8586600000333820345385555055508500200436685008500000003088355088203003555
8586600000303822345285555085008500200436684008400000003088355288305000505
8586500000333832355384654033005500300546585008500000003088357387005455055
7585400000043382034538555505500850020244668500850000030408835538840000055
7585400000043382034528555505500850020244668500840000030438835538840300055
7585400000043382034528555505500850020234668500840000040438835538840000055
858668343300008003338200454856533030000020548685008300000304088050388005
858668353304028003308200544856533030002022548685008400000305088040388405
858658343008034338240553856433220000022448585400580030000004040880063884
858668343304038003308200444856533040002022548685008400000304088040388405
858668343300008004338200454856533000000020548685008300000304088050388005
858668343300008004338200454856533030000020548685008300000304088040388505
868668343004028003308200544856533030002022548685008400000305088040388405
858668343330038004308200444856533000000020548685008300000304088050088005
768654000033082035538554505500850020044668500840000030408835508840500555
768654000033082035538554508500850032044668500840000000408835638830000055
868645000000382035538564505400800000043668500850000000408835508840005505
858544000043082034538554505500800000044668500840000000308835538833005005
858544000043082034538554505500800000044668500850000000408835538803305005
858540000043082034538554505500700022044668500850000000308835538843305005
858545000043082034538554508500800000044668500850000000408835508803305005
868664000003382034538555408500800000034668500850000000508835608800504005
768654000033082035438554505500850002044668500840000030438835638830300000
768654000033082035438555505500850032044668500840000000408835638820000000
768654000033082035538555505500850002234668503840000000408835638840400055
768644000033082034538554505500700022034668503840000000408835538840500555
768653000033082035438555503553550053044668500840000030338835538830400555
768654000033082035538554505500850020044668500840000000408835508830400055
768565000003382034538554305500800000044668400840000000308805528840003355
868648000430820345385655055008000020436685008500000004088355388004005005
858665000040082034538554505500850000043668500840000000308835508830403005
858660000033382034538555405050700000234668400840000040438835528830300505
858648045400804338220453855533200000225485854005820340000004040880063884
858660000033382034538555305500800000043668500840000000408835538830300555
858645000003338223343855530550080000023466850084000003040883552884030005
858540000004308203452855550550085002024466850084000004043883563884030035
858540000004308203452855550550085002034466850085000004043883563884000005
858640000030382034538554305500500000043668400840000000408835538840300555
858660000033382234528555505500850022043668500840000000308835508830403005
758660000030380035538554305500550000040658500830000000408835508800305005
768654000033082035538555505505750330244668503850020030408845638840300055
858568350038005008000655866505000000005555000000000000005000000050050588
85865500033382234538555505500800032043668502840000032438834508840403003
85875800040080034438554445000800000234668503830000000508835508840005505
85880500000043083035438555400000000000233768503800000000008834508845055
85884500432033383234438455400000000022243868500840000000308833538855055
85880500000043083034438555400000000002233868500850300000308833508855005
85866800033082034538555405500500000043668400840200030438833508830004054
85864800033382234538554505500700030043668502840000030438834528840300355
85864800043082035538554305500500000033668500840000040438833508820300055
85864800043082034538554305500500000033668503840000830438833508820300055
85864800043082035538555405550500000033668500840000030438833508830304054
85866800033382235538554505500800020043668500840000030408834528840300055
75864800060380053485645085008000000546684008400000304088355088403000050
76860000003328223453855450550085003204466850084000000030883560884043305
85864800043382234538554305500850020043658500840000030438834528840003055
86864800043382034438454308500850000043668500840000000408805538840405555
65855000003082034538554305500800000044668400840000000308805528840005555
85855000004008205348554505500850020043668400840000000408835508830400005
85855400003308205338564305500850022043668500840000000308835508830303555
85854500003008205348554505500800020043668500850000000308835508840303005
85866000003338203453855540503070000023466840084000004043883562883030035
85866500003008005348564505500800000043668500840000000408835508830400005
85866500003008005348564505500800000043668500850000000408835508840400005
85855500003008205338555505500850000043668500850000000308835508830303005
85856000003008205338554405500800000004065850085000000308835538840503005
85855500003008205338555505500850000044668500850000000408835508830503005
85866500003008205338565505550840000044668500850000000408835508830533005
85855500003008205348555508500800020044668500850000000408835508830533005
85855500003008205338554505500850000044668500850000000408835508830533005
85856500003008205338555505550850000044668500850000000408835508830503005
85856500003008205348564305500850022044668500850000000408830508830303555
75855000003308203354855550540085002004466850084000000004088445388404005
75855000003308200354855550540085003004466850085000000003088445088404005
85855000003308203354855550545085000004466850084000000004088445388404005
85856000003308203453856550400000000004466850084000002304088445388404005
85856400003308203353855550400000000004466850084000002303088355388434005
86854000003328223453855550540085003205366850085000000003088355388204034
85864800033382234538554505400850022033668500840000030438834528840003005
8586683405002820330820055485653400005022354858500000000030438836008840
8585683405002820330820055485653400004002244858500840000030438835038843
8586583400803432830045385543400000303538685008400000003088045388433004
8686480004338203454856450550085000004366850084000000040883553882050055
8584550003338223454855430850055000023365850084000000040883452884030004
8585550003338223454855430850075000023365850084000000040883450884030004
7586500000333820345385545055008500000446685008400000004088355088403034
7580500003308203453855550550080000204466850084000000040883552884030000
7586500000333820345385555055008500200436685008400000003088356388403034
8585500003338223453855440850085000023365850084000000040883450884030004
5555555555500550000000000800550000000436684008400000004088045088304004
858568340082243282005438554332000000438685008400000003088355488053305
858568008005308200443846444000003005386850084000000000883450885500005
858834008004348240452855543300000000528684048300000000883450882033403
858845008004348250442855544000000003428685048400000000883550882040403
858658060450038003008200444856403000000538685038000000304088005388000
768644000033082034538554505500700002034668500840000000408835638840300
858844040030033082035548554520000000002044668500840000000008803528884
758500000350822345385545030000000000346585008400000003088355088404000
758500000350822345385555033005000220446685008400000003088355088404000
758500000040800345385555030000000020446685008400000003088355088404000
858550000033082253385655055508000000446684008400000003088345088304004
85884500830340800055485553300003385850483000000040880550880040005555
85854834300400008043083000528554540400000203538685058400003088355488
85880550040080000082004528564040300000025386850084000000000880453885
85884804040080003082003538564040400000025386850085000000030880453885
85864844050080003082003538564040300000225386850084000002030880454885
85856804300400800000820354485540300000053868500840000030408804548845
85865806045003800300820044485640300000053868500840000030408804448800
85856804200000800000820344385643300000053868500840000030408800448845
85865834334003800300820244485543320000043868500840000030308800448840
85856804000000800000820044485540300000053868500840000030408804548840
85854500003382035538554308500800000033658400840000000308835628820000
85864800003082034538555385008000043668500840000030408835508830303005
85855400004082003528564540000000300243668500850000304088355088200000
85864500004082030338564540000850000344668500850000005088355088200005
85856840008203438323343856540400000000025284850083000000030883454884
85866844008203438323343856540300000000025384850083000000030884574875
85856844008203438323343856540300000000025384850083000000030883454884
86866804008203308000453856534203000000005276850284000002030880353884
86844604000003408203443845400200000000324386850084000003030883453884
86864700003308000053584550050000000003466850284000000040883553884000
85855500033382034428555532300000438685008400000030408834508840003000
85855500033382234338555532300200538685008400000020408834528840300000
8585584400800303008200453856403000000025386850483000000045680453885
8585484400820530822354385544300000000438685338400000003088355388404
8585580403820334008200353856433000002205485850484000000030880553885
8585680403800304008200353856533000000225385850484000000030880553885
8686484440500400080400820005284534000000053868504830000408805538840
8685580403800303008220433856433300002225386850484000000030880553885
8585580403800304008220343856534000000225385850484000000030880553885
8685580403820304008220533856433300002225386850484000000040880553885
8685580403820303008200353856430000002025385850484000000040880453885
8486480400030080423822242385644303000303528585028400000203088335388
8486480400030080433822243385643200000003528585028400000000088335388
8586483000820533820343385534400000000338684008300000003088055088400
8588540080053082004438463440000025386850284000000030883453884005505
8585480300820303822044285534300000002438585008400000003088355388405
8585580404820304038300553856430000002225486850450000000030883563884
8585484300820330820334385534200000000438585308300000003388355088404
8585480400000000008003008000554854400000043868500840000000088356088
8586480400000000008003008000554855400000044868500840000004088056088
8586480000000035008004308200554855500000044868400840000004088056388
8585480000000003008005008000004855500000243868500850000000088046088
8586480400400033008004308000544854400000044868500840000004088056088
8586480400500400008004008000554854500000043868500840000004088355088
7685400000330832345385544055008000220346584038400000004088355388400
7685540000330820345384543055007000000336584038400000003088355388400
7580400000033822345385543055008400222346584008400000003088355388400
7686400000330820355385545055007000020346584008400000003388356388400
7686440000330822345385545055007000220346584008400000004088356388400
7686440000330820355385545055007000220346584038400000004088356388400
7686440000330820345385545055007500020346685038400000004088457388403
7686440000330822345385545055008003022446685038400000304088356388400
7686440000330822345385545055007000020346584008400000004088356388400
7686440000330822345385545055007000220346585008400000004088356388400
7686440000330822345385545055005000222346584008400000004088356388400
8586400000330822345385545055007000220346584008400000004088356388400
8585480000800200308230533856533020020053858500840000003050883453884
8585480000800200308240533856533030020053858500840000003050883064884
8585483300820530820055285545304000000438685008400000003088305388405
8585484300820530820354385554304000000438685008400000203088305388454
7684400000330820335385553055007000022346685008400000203388355288404
7580400000330822335385553005005500223446685028402000304388355388404
7686540000330820355385543055007000000346584038400000004088356388403
7685540000330820355385543055005000000346584008400000004088356388400
7685540000430820355385543055007000220346584038400000004088356388400
5555400000330820344385543055005000222336584008400000003088355388403
7686540000330820355385543055008000020346585005400000004088356388400
8658084680000000040800053385545203000202336684008400400303088358386
8657084680000000050820344385545203000202337684008400000304088357586
8658084680003000040800053386545003000302437684008400000304088058386
8657084680000000040800053385545003000202437685008400000304088358386
8658084680000000030800054386545404000202437684008000400305088368586
8658084680000000040800053386545003000302437684008400000304088058386
8658084680000000040800053386545004000303437684008000000005088345588
8657084880000000040800053386545004000302336684008400000305088357386
8657084680000000050800353386545000000302437684008400000304088057386
8657084680000000050800354285544203000202336685008400000303088357586
8585505500000040800044385553404000303538685338000000004088055088405
8657084680000000350800353386545004000302337684008400000304088357386
8658084680000000040800053386545004000302437684008400000304088357586
8657084680000000350800353386545004000302437684008400000304088357586
8657084680000000040800053386545004000302437684008400000304088357386
8657084680000000350800053386545004000302437684008400000304088358586
8585480400820530820344285545304000000438685008300000003088355088400
7684400000330822344385554055008400222346684008400000203388355388403
8584640000430830035385543085008000020446585008500000304088346388404
7685430000330822335385555055008400222446584008400000304088355388403
7685430000330822335385555055008000203446684008500000304088355388403
7580400000330822334385545055008400022446584008400200303088355388403
858658040080000082003538564040000002225386850084000000030880553885
848648040082033082235438554340000000000043858500840000408830538840
848548040080053283234438554330300000002254858500840000408805538843
848548040080053283234438554030300000002254758500840000408805538843
858558040080300080050485643400020053868500500000000438804508840005
858658060450008003008200444856403000000538685008400000304088005588
858558040000008000008203443856433000000538685008400000304088005588
858540000033820355385543085008000000336584008400000003088356288200
758005000003382233638554338500800032344868500840000000030884553884
768045000003382234528554328500800030344868400840000000030884553884
858548000080030030822353385653000002005385850084000000004088355488
858044000033382234538454308500800030344768500840000000030884553884
558005000003383024538465338500800000054868500840000000000884553884
558005000003382224538465338500800000054868500840000000000883553884
878548000003382034538544433500700030044768502840000000030883573884
558005000003382024538465338500500000054868500840000000000884553884
758004000003383234538454305402750020344868500840000000030884553884
768045000003382233538454328500800050344868400840000000030884553884
858043000003382234538554435300750022354868500840000000030884554884
858045000000382033538554338500800000054868500840000000030880563884
858548000080030030822353385653000000005385850084000000004088355588
858850000000033083034428554300000500500050858583000000000883450884
868467040000044083234438554030000002243658500840000003000883453884
868465000000043083234428454420000000243858500840000003200883453884
868468040000044083234438554030000002243658500840000003000883453884
868468040000044082234438554300000002243758500840000003000883453884
768644000003382034438455408500800000044648400840000000408835638800
868465000000043083234428455320000000243858400840000003200883453884
858504000333822335285543085008000202346685008400000004088345088404
858446604003003083034538555430000030244868532840000040404088347586
858446644004003083034538555440000030044868532840000040403088347586
858446644004003083034538545330000030244868532840000040404088347586
858646060003338323433855532000000022346685008400000304088346388403
858545040003043082003438463400300000030553858580000000030883452885
858446604004003083234538545430000030244868533840000040404388347586
858446640004003083234538545330000030244868532840000040404388347586
868545060003338323433855533030000022336685008400000304088355388403
858646060003338223433855530000000002346685008400000304088355388404
868646362003338223434856530000000002346685008400000304088336388403
858546062003338323433855530000000002346685008400000304088357387405
858646060003338223433855530000000002346685008400000304088355388403
868546062003338323433855533030000022346685008500000304088346388403
858556000003338223443855400000000003336685008400000304088355388403
858547032003338222443855530000000022336685008400000004088355388403
868546060003338323443855433000002022346684008400000304088355388403
858545040000045082003438563400300000030353858580000000030883553886
858646062003338323433855530000000002336685008400000304088355388403
858507640000003082234538555430000000044868532840000000004088447386
858646062003338323433855530000000002336685008400000304088355388403
858547640003003083234538555430000000044768532840000000004088447386
858650000040080053385544055008000000436584008400000004088346388405
85854845008034008200442856453020003025385850283000003033880053884
85884600400800303803045385550300000034485850380000000040880063884
85865804008000308200353856404000000000548685008400000003088345488
85856805008200308203443856553000000005386850080000000003088045488
85865804008000308200353856404000000000548685008400000004088345488
85854806008004008300352846434300000000254858504830000008835538803
80854804008203308223543855434000000000004385850084000030883063884
85855400000308203453855330530080000004465840084000000030883553884
75855805005005008200443855434000030004386850084000000000884353885
85884805820533820244384634400000300538585008400000000088345388405
85865800008003008000454856430040000005386850000000003045584063886
85855800008003008200453856403040002025385850080000003050883063885
75855805008000408200442855440040022025385850070000003040883453885
85864805008200308006348564440002305385850553000000050880450884000
85854845308034308200442856453230003025385850283000003033880053884
75854500400040032820734855544000400044858534540000000506834508845
84865804008004308000453856504030020004385850083000000050880553884
85856804038000308000402856430040002025385853050000003050883063884
85854833030008000008003338554040020053868500840000030408805038845
85856833030008000008003538554040020053868500840000000408800338804
85854833030008000008003538554040020053868500840000000408805308800
85865834008035308300333855430230003025386850080000000030880453884
85864805005000008200443855444000003035486850084000003030883553884
85864805005000308200343855544000000025486850084000003040883063884
85864834008034308200453845434000003035386850083000000000883353884
85880400800433824045285554334005000253868404830000000088045288234
85866804008203308303443856544000003045486850084000003030883463884
85855800033082024338453320000000344768500840000000308835528845004
75855805008200308200442855440040002025385850070000003040883453885
76855834008000408200442856452030002025385853070000003040883453885
75865805008000008200442855440240002025385850070000003040883363885
76855805008200408200543845340040002025385850050000003030883463885
85854804008203038223342855434000000024385850284000000033883564884
75875500000338223452855440540084002223465840084000003030883453884
85855404000003308200443856550000000044868500840000000040883060884
85805505000200508420454856430000000305486850084000000040880053885
86854804038223338200544856533200002025386850384000034343883453885
86854804038223338200543855543000002024386850384000034243883453884
86844804038223338200544856533200002025386850384000034343883453885
85854500000003338203303846400000000025385840084000002033880353886
86845840000003308200043856440000000043858500840000003030884353886
85845800000003308200043856440000000053858500840000003030884353886
86854844008000028040443855433000002035486850084002004043883453885
86854804008020038202444856500000002025385840084000004043883453885
85846400000003328203433856504000002025486850084000000030880353885
86855804008020038002544856500000002004385850084000004043883453885
85855504000003008400533856540000000043868500840000000030883050886
85844504000003308300043856440000000043858500840000000030884353885
85846400000003338323343856430000000024386840084030032033883363886
85854844008200028203343855530000003025386850084000004033880453885
85854844008000038000444856530030002025386850084000003040883453885
85845640000003308200043856440000000053858500840000003030884353886
85854400000003408220433856553000000052868500840000003030883053886
86845540000003408200444856440000000043858500850000000030884353886
85844540000003308200443856440000000053858500840000003030884353886
85854404000003508200453856552000000043868500840000000030883062886
85854504000003338303333846430000000025385840084030033033880353886
86845800000004308200433845430300000005385840084000000003883452884
86846500000004408323343845303000000204376850084000000030880563885
86844646000203408303443846433000000304386850083000000030880453885
86846430000004408323343846403000000005385850083000000030883453885
86846804000004308303443845333000000024285850083000000030883553885
86844746000003408303443846433000000304386850083000000030880453885
86836800000004408202433846333300000005385840084000000000883453884
75854400003338223453855440550080000224465850084000003030883453884
76844404000000308200503856552000000053858500840000000030883063886
86846804000004308303443845333000000025385850083000000030883453885
86846804000004308302442845333000000024385840083000000030883453885
86854400000000308200443856440000000053868503840000000030883060886
86845800000004308200433846430300000005385840084000000003883452884
86847604000004408200433846333300000005385840084000000000883452884
86846404000000438040085655005004054588868000000055088050588585558
85806505000200408422444856430000000305486850084000000040880053885
86855505000003428202342856403000000005286850084000000033883353885
85854800008202003082004438555320200200538685008400000003088345488
85864600000433832344385543400000000446685008500000305088355388403
76844744000003428202443846404000000005386850084000003043880343885
86854504000003328202342856503000000005286850084000003030880453885
86844505000003338223343856403000000005286850084000000040880353885
85846835054000408203433856433000002005386850084000002040883063885
85854830008003003082004438565330200200538685008300000003388035388
86855505000003328202442856402000000005086850084000000030880353885
76844744000003328202443846404000000005386850084000000033880343885
85805805000003408222443856533000000005486850083000000040880353885
86865834008200008000434856503000002025386850084000003040883453885
85844804008000008000434856503000002005386850084000003043883453885
86856844008200308000533856430000000005486850083000003040883453885
85844804008000008000434856404000002225486850084000003000883553885
86856844008200308000433856530000002005486850084000003040883453885
85854804008000008000434856503000000005386850084000003043883553885
85844804008000028202443856403030002025386850084000003043883453885
85855834008200308000433856400000000004486850084000003043883453885
85854500000003428223444845534000000025386850084000000000883453885
86844604000003408202443855403000000024385850084000003000883453885
85844404000003408200453856452000000043868500840000000030880062886
86854804008000338222444856500000002025386850084000004043883553885
85865800008003080005448554400020244758503800000000008055000505558
85865800008003080005448554400000043758503800000000008055005555555
86856844008200308000433856502000000004486850084000003043883453885
75855855008200028222343855530000003025386850084000003030880453885
85844804008000038000434856503000002005386850084000003043883453885
86856844008200308000533856502000000004486850084000003043883453885
75855855008200028222343855530000003025386850084000003030883453885
85844804008000008000434856503030002005386850084000023030883453885
86856844008000308000534856503000002025386850084000003040883453885
86856844008200308000434856503000000205466850084000003043883453885
86844504000004408303442856400000000024385850084000003030883453885
85854500000003428223453845534300000005386850084000000000883453885
85806505000200508420454856530000000305486850084000000040880053885
85846404000003308200443856450000000043868500840000000030880062886
85856844008000008000534856503000000025486850084000003040883453885
86855804008000008003444856503000002025386850084000003043883353885
85844804008000028002434856503000002005386850084000003043883453885
85856404000000308200453866550000000054868500840000000040883060886
86855844008200328002534856433000000005486850083000002040883453885
86855844008200328002534856433000000005486850083000002040883453885
86856844008200328002534856503000002025386850084000003040883453885
86855844008200338002533856433200002005486850083000002040883453885
86855844008200338002533856433200000005486850083000002040880453885
76856000004338202552845440550085000004465840085000000000088345088
85854400000003408200433855540000000043868500840000000030883453886
86856804008000338202444856500030002004386850084000003040883453885
85854844008000008000444856500000002024386850084000003040883553885
85854400000000308200443856550000000053858500840000000030883060886
76865500000003338303443855400000002204385850084000003040880063885
87846434000204338223453855430000000005376850084000003040883553885
85855700000000508203443855503000000005385850084000000040883453885
85856855008200008303443856530000003025386850084000003030880453885
85844804008000338202444856500030002024386850084000003043883053885
8585480403820004008400042856400300000005385850080000040883565884
8585580400820030822343485544400000000438585008400000003088345388
8585480403820004208302042856430000000005386850080000040883565884
8585580600800300830235384643400000000204385850382000043883555884
8585480403820004208302243856430000000005385850080000043883565884
8385480400800532832344385540303000000022548585008400003088046087
8586483000820533820343385534300000000338584008300000003088056088
8686480300800040822045485640400000000538585228300000000088045488
7585580500500500820044385534400000000408685008400000000088446388
8585580403800040820034285553003000202538585308000000004088046088
6588050085350082004448565344500400005386854584000000050080553858
7685580500820040820044385544204000202538585005000000303088346388
8586480400800430800045385650403002000438585008300000005088055488
8585580500800353802503855433200002205385850453000000050883353884
8585683400823530820034285653033000302538585008000003000880063885
8586480404000820000800045385540500200538684008300000304388045488
7586580403803000800044285543000000202538585048300000304088306388
8585500000338223443855430550070000003365840084000000030883463884
8684460400000042820344384540000000000538685008400000000088346387
8584450000000342822345384543400000000438585008400000000088356088
8580550000002082004438554342005020352868500830000000030880554885
5580550000000005060845334005000050000050858085000000030880553884
8584450400000340820334385540000000004385840084000000040883353884
8580450000030332830033385640400000035385850084000003030880353884
8585580003038203452845430840080000004365850084000000000883453884
8684550000000440830334384540300000000438685008400000003088046387
7685450000003820345385545054008000000436584008400000003088356087
8683580400000440820043384633330000000538584008400000000388345388
8684680400000430830344284533300000002438584028400000000088345388
8584460000000000820035385540300000002438685008500000005088067387
7585660400000040820054285643000000004386858300000000000883453885
8684450000000332820034285640000000000538685008400000003388035388
7685450500000332820234285543300000005386850084000000030880353884
7585680000800330820045385654002000004386840084000000003088036488
8685580000800330822004385654003002005585850384000000003088004588
8586580000800308000544855440000003375850384000000000805505555555
8685580000800333832334385553002002005385850384000000003088345488
8585580000800333830304385644000000004386850084000000000088036388
8685580000800330822034385643000000005584850084000000003088405388
8585580000800330822034385643002000005584850084000000003088405388
8585680000800033852334285654000000005585850084000000305088450588
8588075400800333820344385643400000002538585008300000303388005588
8685680000800333832334385644000000005484850384000000003088006088
8685680000800333832334385544000000005484850384000000003088006388
8685580000800333832334385553002002005385850384000000303088455588
8685480000033383234428543440000000528685008000040880450885555555
8585584400820030800043385640000000004386850084000000040883453885
8586540300000040820043385554000000043868500840000000030883363886
8684450400000040822034285640000000002438685008500000303088345088
8685550000000330832344284640300000000538585008400000003088345388
8585450000000342822344385543300000000438585008400000000088346088
8584450000000343822345384543000000000438585008400000000088356088
8580650000000050840045485653000000000538685008400000004088005088
8685584400800000800044485640300000000538685008400000304388345388
8684460400000432830235385540300000000538584008400000004088345388
8685584400820030800053484650300000200538685008400000303388346388
8580550500020050840045385643000000000538685008400000004088005088
8684460400000440820243384540300000000538685008400000003388345388
8685450000000330832344384640300000000528685008400000003088345388
858658350082003380053485643400000202538585045400000004088336388
858558040384000300840005285540000000002438685008000004388357587
858648060382040083003528554440000000020538585038000000088356488
858558040382000400830005285543020003000448685048000004088336587
858846038005308200343856334000002005386850084000000000880053885
858846008002308200343855434000002025385850384000000000883053885
858668050083000080063485643400000200538585055400000004078046488
858658050083003080073385543400000202538585356400000004378346388
858668080082333080073485543400000202538585347400000004378347388
858558080083000080053385643400000200538585047400000004088346388
858548060082000080073485643400000202538585347400000003088346388
858648050083000080063485643400000202538585047400000003088337388
858668080382033080070485643400000020538585057400000005088057388
858548050082000583360485643330000200538585007000000004088046388
858844008003008000638565433400300537685007400000004088360088000
868668380050044080004338554404000020053858555000000000880052885
858550000050800354485434020000000538585008300400300088355088403
758805008405008200444856534440000000538685458400000005008055588
758805008504008300454856433440000003547685448400000005058355088
858558080080003080373485643300000000538585047000000003088336388
868658080082033080063385643400000202538585345400000003088346088
868668040070034080005248554000000338485048400000003088035388400
858548050082000583360485643330000200438585008000000004088046388
758045000003208300442855435200502035286850083000000040883553884
858045000003408402342855433400000034386843084000004040883553884
858648400080033282005438553040000243668500800000000040883454884
858557000004308003508563000000000052868500820050880553884000000
858648400080033382005438553040000233668500820000000040883554884
858548000080030030820053385654000000005386850083000040883564884
558005500000408403442845443300400005385850084000000000883453884
858565000003328202432854300000000040858500820050880550882000555
868045000000000382034438554400000000538585008400000003088046088
868445640000043383000035843050000045868500800000000040883553884
868458000000043082004338564303000000053858400840000000038835608
868458000000043082004338464303000000053858500840000000008845608
858748400080033282205448545040000033868500830050000050883454884
858648400080033382025548544040000050658400800000000050883455884
808466050000035080533855440040050000353858780000000030883450885
858658300080033282005448554050000032868500800000000050883454884
858648340380044282225448554350000254868520820004004043883454884
858555400400003082005438553050020233868500800004000040883554884
858648400080034282005348545040000033858400830000000050883455884
858556400400034282005438554050000033868500800000000040883554884
858648400080033382025548544040000050768400800000000050883455884
858658400080033383205348555050000032868500800004000050883453884
858658000082033382025438553040000030658420820000000030883454884
858455000003408202442855433320002025386850084000003033883453884
858648400080033282005348553040000044768520830000000000883454884
858465040000034083005438554400000300408586800000000050880553886
868658000003438423533844300000000042758400800004088355488433034
858460000343833335384500400000000336485008000004088055488303040
858648000080033282005348553040000033768500830000000040883454884
858575000433832355385533450000000306585008000005088355488333030
858575000433832355385533450000000306585008000005088355488333040
858575000433832355385633450000000306585008000005088355488333030
858575000433832355385633450000000306585008000005088355488333030
858648400080034282025348553040000044768520820000000000883553884
858548400080033282005338550040000034768500830000000000883454884
858548400080033282005348553050000053868500830000000040883454884
858406000000003082005338555330000000034858500840000050308835858
858475000433842335385530450000000326585008000005088356488333054
858475000433842335385530450000000306585008000005088355488333040
858474000433842335385530440000000306585008000005088355488333030
858475000433842335385530450000000306585008000005088355488333033
858575000433842335385630450000000326585008000005088355488333004
858475000433842335385630450000000306585008000005088355488333040
858658400080033282005438553040000040858500830000000000883454884
858540000004084033428554000200400000437584008400000000088347388
868558000030820345385544085007000000336584008400000000088345388
858540000000080263385545055508500000436684008500000003088346388
858044000000308400543845343200000005385850083000003030880463886
858044000000408400443845343200000005385850083000000030880463885
858044000000408400543845343300000005385850083000000030880573875
858044000000308400543845333200000025385840084000003030883453885
858044000000308400543845333200000025385840084000003030883453885
858044000000408400543845333200000025385840084000002030883453885
858658400080033282005438550040000243668500820000000030883454884
858658300080033282005438550040000233668500820000000030883455884
85865550000304308200534854330000002485850080000000000883453884
85866500000203338222523854333000022385840080000000000883454884
85865800008000008003403865434002023286840084000000040880453884
85884603800530820035385633400000200538685008400000000088005388
86884805800533830254385643400000300538585008300000000088345387
85885400800530820044384644300000300538585008300000000088345387
85884600800230820034385643400000200538585038400000000088305388
85874804008000308005348554330002005385850453000000040883453884
85854805008000008005048565500000005386850550000000050880363885
55555000000000338300342855440000000453858580000000000880453884
65555000000000338300442855430000030053858585000000000880453884
86855500000000338303543846440000000053858580000000030883553884
86846400000338223443855533000000043768503840000000030883063885
85804500000040840334285544300000205486840080000004040883453884
85804400000040830234285543340000003438685308400000403088355388
85804504000003428300343855530000000354858684000000000883353885
85844000000003338303443855400000030352858585000000000883453884
85804404000003328303443845440000000054858585000000000883353885
80804400000003438322343845450040030053858583000000030883553884
65844500000000030800333856340000000004286850084000030883553884
85884000000003308300333855430000030043858580000000030883553884
86845800000004308200433856430300000305385850084000000043884476
86845800000004308200433846440300000005385850080000000000884575
86836800000004408200433856333300000325386840084000000003884575
85864800008003408200544855404000003375840083000000004388345588
85854404000003328203333855430000000343858683000000030883543886
85844504000003328203333855430000000344858683000000030883543886
85854504000003328203333855430000000343858585000000030883543886
86844504000003308303343855430000000354868685000000030883543886
85844404000004338203332855430000000454858585000000030883443886
85855500000004338203333855430000000454858585000000000883453885
85855500000004338203333855430000000444858584000000030883453885
85855500000004338203333855430000000343858584000000030883453885
85844404000004338203332855430000000454858585000000030883443886
85856500000004338203333855430000000454858585000000030883443886
85855500000004338203333855430000000343858585000000030883443886
85844004000004338203333855430000000454858585000000030883453886
85844404000004338203333855430000000343858585000000030883453885
85854500000003438203433855430000020354858585000000030883443885
85854500000003438203432854430030020354858585000000030883443885
85854500000003438203432854430000020454858585000000030883443885
85844404000004338200332855430000000454858585000000030883443886
55855505000000308200432855432040040453858585000000000880350885
86846504000004308000004385650000003376850084000003043883553885
85855505000203308202333845430000030053848580000000000880453885
85855505000203308202343855430000020053858580000000000880453886
85846604000003408200543855340000030340858580000000000880553885
85855505000203308202333845330000030053848580000000000880452885
85844604000205508200543855440000030050858580000000030880553886
85864604000000408200333854540000000043858583000000030883453885
85855400000304508200343855430030000453858585000000030883453885
85846400000004538030004385550000003475850085030003040880453885
85840008000003082004428565300200200538685008400000003088045388
85846400000003338030004385640000004476840084000003040880453885
75856800000000408200443855430000000053858680000000030883453886
85855505000000408200433855430000000554858585000000000883553886
85856604000003438200433845430000000043858585000000040883453886
85856505000000338200432855330000000050858580000000000883453885
85845506000305508200043845430030030053858785000000030883453885
85846400000004538030004385650000003475850084000003040880553885
86854604000000308200332855540000000343858585000000000883453884
85846400000004438030005385640000004375850084000003040883553885
85855506000003308200442855430030030053858785000000000883053886
85854505000000408200442855430000000453858580000000000883553886
85845506000305508200043845430040030053858685000000000883553886
85855500000304508200343845433040030053858685000000000883453886
85855500000304508200032855430030000343858583000000040883453885
80856500000004508200343855430030000543858585000000000883363886
85854500000304508200542855440000030053858580000000030883453885
85854500000304508200542855440000000053858580000000030883062885
85856504000003328203543854440000030353858580000000030883553885
85855505000000408200433855430000000554858580000000030883453886
85846400000004538030004385650000003375850084000003040880553885
85846400000004538030004385550000003475850084000003040880553885
85846500000032830334385543020000000438685008400000000088346388
85846500000032830334385553200000002348585028400000000088346388
85844500000004308220432855330000030053858580000000000883452885
85846500000032830334385553322000003448585038400000300088345388
85846500000032830334285553222000003438585008400000000088346388
85846500000032830334285553302000002438585008400000000088346388
85844500000003408220432845430000000353858583000000000883453885
85846500000032830334285553220000000338585008400000000088347388
85845500000004308200432855330000030053858580000000000883452885
85844500000004308220432845330000030053858580000000000883452885
85844600000003408220432855430000020053858585000000000883453885
85845800000000408200542855430000020053858585000000000883453885
85854804008000038022443856404000000446685008400000033883453885
85846500000032830334285553222000002438585008400000000088346388
85846500000032832334285543320000002438685008400000304088346388
85844500000003408320432855400000000353858585000000000883453885
55850000003408403343855533030002205486850084000002000883353885
85844500000004308220432845330000020053858585000000000883452885
85844500000004308220432845400000030053858584000000000883453885
85844500000004308220432855330000030053858580000000000883452885
85844500000004308220432845440000030053858584000000000883452885
85844500000004408220432845440000030053858585000000000883452885
85854504000003438322343855400000000053858580000000030883553885
85854504000003338322343855400000000053858580000000000883453885
85804600000000328223353855300000000044758585000003000883353886
76844500000003338200032844430000000353858580000000030880452885
76844500000003338220032855550000000053858580000000030880452885
76844500000003338200032845430000000353858580000000030880452885
76844500000003338200032845440000000053858480000000030880452885
55555500000000408220442855340000030053858580000000030883453885
55555500000000338220432855340000030053858580000000030883453885
76854500000003338220032845440000000053858480000000030883453884
76854500000003338300032855440000000343858580000000030880350885
85844500000004438320332855430030000053858585000000030883453885
85804500000005508320050855430040000053858585000000000880453885
8588440380033082025548554000000328585048400000000088055088000
8588540080034082034438654040000003386850080000000000883353885
7584650000000000820055385640000004385850084000003030880363884
8686583400820300820055385550400002438684028400000003388055087
8585500003008000544855540000000438684008400000004088045088005
8686583400820300820043485550400000438684028400000003388055087
8586583400820300820055385540400000438684008400000004088305087
8584480303820004008200042856304000005386850080000040880465884
8585480400800000800504856404000000538585005000000003388345088
8687480400800000800533855433000200538585045300000004088345388
8584655000000350803653855504000000528585006000000004088045088
8586480400820030800634856444000020538585055000000003388045388
8585580400800000800504856404000000538585006000000004388035088
8585480500800500800605855530000200538685058000000000088046088
8585480500800000800504856550000000538685057000000005088046088
8585480500800000800504856550000000538585057000000005088046088
8585580500803300800306868450000000538585055400000004088036088
8587580000800330800053485550400000337584008300000000883453884
8586480503820402800042485533000003385850080000000308835538805
8585500000008003533855330000000438584008400000004088035388003
8586480400820000800543855534000300538585037400000004088346088
8686484403800204308200344856543040030053868500840000000438847
8584440000000450830004285644000003035485868500000000088345088
8580640000000030800044384640000004285850084000003030880353884
8584600000000353803538564030000004328686800000000408804054884
8584600000000353803338564030000205328685800000000008804054884
8585670000000338003038564000500000538585800000000040883563884
8584600000000353800538554330000004328685800000000408804054880
8584740000043383033428554430000003438685308400000404088336387
8584650000000033824002855330000000453858583000000000883453884
8584650000000333823332855430030030053858585000000000883453884
8584740000043383033438554440000003438685308400000404088336387
8584750000043383233428544330000003438585308400000304088346387
8584750000040383033428554340000043438684328400000403088356387
8684640000030830045385654000000044868500840000000040880053885
8585680000033842334385530400000000427485008000005088355388200
8584650000000000800344384640000004385850084000003033883353884
8580644000000320820333384640000004385850084020003030883353884
8585570500020442820243284543000003005385858000000000088045088
8584454500000332820044384543000003004285868500000000883053885
8585660000000040820304856400000005383850080000000030880553885
8584650000000322820333384640000004385850084030003033883353884
8584650000000322820333384640200025385850084020003030883353885
8584540000000000830345485640000003385850084000003033880363886
8585550500000040820034285544000000055485858500000003088336388
7680600000004308000005385640000003376850084000000040883553885
8584640000020030820035485640000004475850084000003033880363886
8585460400000040820043384444000000034385858500000003088345388
8585550400000332820054384443000000005085858300000000088355088
8585650500000330820054384443000003035385868000000000088306388
8585650500000040800000485653000000055486878000000000088407588
8585460400000030800043285543000000005385858000000000088306088
5550555505030400820233384640000005385850084000003030883353885
8580650000020302820333384640200025385850084000003030883353885
8580645000000302820333384640000004385850084020003030883353884
8585450000000333823303855430000020353858585000000030883453885
7585450000000350824003845430000020353858584000000000883453885
7585450000000350824003845430000000353858584000000000883453885
8584450000000033803303856430000000454858583000000000883463885
8584600004382225548553300000000042868500800000508835508840005
8584550000000033823302855400000000353858583000000030883453885
8584650000004083233428554300000000438685008400000404088346388
8584550000000333823003855400000000353858580000000000883453885
8585450000003083034438464330000003538585028400000303088356388
8585600000040820334285530000000034386840084000000000883453885
7684640000030820005285543003003005476850084000000003088007388
7684640000033820335385550000000033868500840000000040880063885
8584450000000033803333855430000030453858583000000000883450885
6584600004082205448664030000000032768500800000408835508843005
8584650000000033823003856400000000453858580000000000880062886
8584550000000333823003855400000000353858580000000000880452885
8584450000000033823302845430000020353858583000000030883452885
7584650000003083024428554320000000338685208400000300088347388
8584750000003282034428555330000000438685008400000400088357388
8584550000000333823003855400000000353858580000000000880452885
8584650000000438303500855330000030053858584000000000883450884
8584450000000040820043285543000002005385858500000000088345088
8585400000040820334285543400000034386843084000003000883463885
8584450000000033803303855430000000453858583000000000883450885
8585400000040830334385540400400033486843084000003000883453884
8584450000000440822034085543000000035385858500000000088345088
8584450000000033823302845430000000453858583000000000883453885
8584450000000033820303856400000000353858580000000000880552885
7684640000033820335385553303000005376850084000000000088055588
8584450000000440830034284540000002035385858300000000088046088
8584450000000333823003856400000000353858580000000000880452885
8584450000000333823003855400000000353858580000000000883453885
8684640000330820035385643300000005386850084000000000088005388
8585750000003082034438554330000000448685008400000400088357388
7685450000000333822003284544000000005385858000000003088045088
5580400004408200553855304000000004286850080000040883553884430
858854008000082025538554040000338585048403000000088045388400
858854008000082025548554040000448585048403000000088045388000
868448060703308000433855434000004286850083000000030883553884
868548060703308000433855434000004286850084000000030880563884
858548040082033082034328553540000000053868500800000088356488
858448030382000400820004285630400000438685008000004088046588
858854008005308200433845444000002538685028400000000088345388
858848038005308200443846444000002428685028400000000088345387
858545000000008037448564000005385850454000000030883450884030
858758400082033382004438554000000043858500800000000088356087
858558030082030282304548545300000032758500850000000088356087
858648340080033382004438555000000042858500800000000088345087
657555000000004080400855440000030053858580000000030880463884
758555000000004080400855340000030053858580000000030880463884
657555000000004080400855440000030053858580000000030880463884
657555000000004080400855440000030053858580000000030880463884
858044000000033082034385543003003005385858500000000088355088
858465000000033082033385530000000035385858500000003088356088
555855000000003080400855440000000554858580000000000880453886
858555000000820053485445400000043668400840000000408835508845
858058000004408200452845332000000024285850080000000883453885
858840000000040080000856440030000454858585000000000883450885
858468000000408222442845300000000024286850080000000883453885
858665000000408300342855333006000004375840085000000883563886
858565000000308303333854333000000004486840085000000883553886
868558000004338323442855434000000004286850080000000880563885
758566000000408222432845430300000004385840084000040883563884
858448000000050800053385640000003386840083000000040883553885
758565000000308303342845330000000004385840084000030883563884
858545000000438250544855430000000004285850080000040880553885
858545000000438250544855430000000004085850080000040880553885
868568000004038223342855333000000024075840080000000883553885
758566000003408202432845430000000004385840084000040883563884
858465000000308222343855334000000004466850083000040883553886
657850000000005380400855440000000053858580000000030883453885
555850000000004380400845330000020053858580000000000880453885
858665000000045380433856430000000340868585004004000880463885
858565000000035380453855300000000353868585000000040880550885
858555000000035080303856430020020053858585000000030883063886
758565000000045380433856500000000352868685004000040880463885
858565000000035380403856500000000543868685000000000880463885
858540040000033380300855450000000353858585000000000883453885
858565040000003380733855400000000043868485000000040880553885
858565000000035380433855300000000043868585000000040880452884
858565000000003080400855400000000554858580000000030883450885
858548000000034380433855300000000343868585000000040880453885
858465000000034380533855430000000053858680000000000883453885
858565000000034380433856504000000443868585000000000880463885
858565000000033380403856044000004328586800000000000880463885
858540040000033380300855450000000453858585000000000883452885
768544000000004380400855440000000453858580000000040880452885
858005000000308220340855333000000005286850084000030883453885
555850000000003380400855440000000553858580000000000880463885
555555000000004380400855340000000453858580000000030880453885
857850040000033080000855340000030543858585000000030880463884
555850000000003380400855440000000553858580000000030880463884
657555000000004080400856440000030053858580000000030880450884
657555000000004080400846440000030053858580000000030880460884
657555000000004080400856440000030053858580000000030880460884
657855000000004080400856440000030053858580000000030880460884
657854000000003080400855430000030053858580000000030880460884
557555000000000080700855440000000453858580000000000880460884
657555000000004080400846340000030053858580000000030880460884
758545000000034380460855450000020353858480000000030883453885
858445000000035380450855340300020053858585000000000883453886
858445000000005380360855350000030353868680000000000883463886
858045000000034380350855400000000353858583000000000880453885
758545000000034380350855400000000454858580000000000883450884
858564000000338222443855430000000043858585000000040883452884
858445000000033380350855450000000453858583000000000880453885
858445000000033380350855440000000455868480000000030883453886
858545000000003380350855550000030453858585000000000883453886
858545000000003380350855550000030454858585000000030883453886
858455040053830254385633300000000438485038000000004088346488
858558000003384233338560305000350003365850080000040883565885
858555000033383234038450304000000004275850080000040883465885
868555000033383234038450304000000004264850080000040883465885
858045000000003380350855440000020343858585000000000880453885
858545000000033380360855450030020343868480000000030883453885
858540000000003380360855450000030554858585000000030880363885
858555000000045080003338454300000343858580000000000883552885
858464000000338202443855430000000033858585000000050883563874
858445000000033380350855450000000353858585000000000883453885
858445000000033380350855450000000353858583000000000883453885
858550000003383033428553000000000428684308400000000088346088
858540000003383033428553000000002438684308400000000088347088
858550000000083033428553000000000437684308400000000088346388
858540000000083033428554000000002438684308400000000088346388
858550000000083033428554000000002338684308400000000088346388
858540000000083030428554000000003438684008400000000088346388
858550000000083033438554040000003437684308400000000088346388
858450000000083033428554040000003437684308400000000088346388
858450000000083033428554040000003437684308400000000088346388
858450000000083053428554040000003437684008400000000088346388
868460000438200544855330000000030868500800000508835508820005
858540000004084033428554000000002438684008400000000088347388
858500000034084003428554000000003438684008400000000088346388
858540000004084033428554000000000438684008400000000088347088
858550000003082033428554030000000438684308400000300088357086
858540000040083033428554000000003538684008400000000088346088
858540000003084033428554000000002438684008400000000088347388
858340000043083033428553030000002438584308400000400088346388
858440000043083033438453030000002438484308400000300088346388
858340000043083033428554030000000437584008400000400088346388
858540000040083033428554000000003538684008400000000088346088
858550000003082033428554000000000438584308400000000088346088
858540000040084033428554030000002438584308400000300088346088
858540000040083033428554000000003538684008400000000088347088
858540000040082000428554000000003538684008400000000088347088
858540000040084033428554000000002438684008400000000088346088
858500000040084033428554000000003538684008400000000088346088
858570000040083033428554000000002438684308400000000088346088
858540000003084033428554030000002438584308400000000088347088
858540000003084033428554000000000438584308400000000088347088
858540000004084033428553000000000428684008400000000088347088
858540000040084033428554030000002438584308400000300088346088
858560000003082033428564000000000438684308400000000088346088
858500000044084003428554000000003538684008400000000088346388
858540000033084033438554020000000428585008400000300088356388
858560000000083033428554000000000428684308400000000088346388
858540000004084033428554000000000438684008400000000088347388
858540000003084033428554000000000428684008400000000088347388
858540000034084033428554000000000428684008400000000088347388
858540000000084033428554030000000438584308400000000088347088
858540000003084033428554000000000438584308400000000088346088
858540000003084033428554000000003438684008400000000088347088
858540000003083033408553000000000437684008400000000088347088
858560000000083033428554430000023437684308400000400088347388
858560000003083030408553320000000437584008400000000088347388
858540000003083033408554430000002438684308400000400088346388
858460000043083033428554440000002438584208400000400088046088
858658000080030800054485555000508555850000005058055005055558
858540000034083033428554000000000428684008400000000088347388
858540000043083033428554000000003538684008400000000088346088
858540000003084033428554030000002438584008400000300088346088
858540000000082033408554000000000437684008400000000088347388
858540000004083033428554000000000438684008400000000088347388
858540000003084033428554000000003438684008400000000088347388
858540000003084033428554030000002438584008400000000088347088
858540000004083030428554000000000438584008400000000088347388
858540000004084033428554000000000428684008400000000088347388
858540000004084033408554000000000428684008400000000088347388
858440000043083033428554000000003538684008400000000088346088
858540000003083033408554000000000438684008400000000088347388
858540000003084033428554030000002438684008400000300088346088
858550000003383233428553420000000428585008400000300088346088
858440000004083033428554330000002438584008000000400088346388
658400000033084033438554042002005386850084000000040883453885
858540000000083033428554330000002438584308400000400088335388
758545000000035080400384643000000005385858400000000088345088
858550000003083033428553000000000428684308400000000088346388
858550000003083033428553000000000438684308400000000088346388
858550000003083033438543000000002428684008400000000088347388
858560000000083033428554030000003437684308400000000088346388
858445000000033382330284644000000045385858300000000088345088
858545000000005080530385634000002034385858500000003088355088
858340000040084033428554030000002438584208400000300088346388
858540000003083033428554000000003538684008400000000088347088
858340000040084033428554030000002438584008400000300088346088
858560000000083033428554430000023437684308400000300088347388
858540000003083033408554000000000437584008400000300088346088
858540000034084033428553030000002438584007500000000088346088
858540000000084033428554030000002437584308400000400088346088
858540000003084033428554030000002438584008400000000088346088
858540000003084033428554030000002438684308400000400088346088
858540000003084033428553030000002438584008400000300088346088
558500000044083003428554000000003538684008400000000088347388
858445040000000830040284633000000035385858500000000088346088
858064000000003080024438564000000428585008400000303388036388
557854000000003380400855340030030553858580000000030880452884
858548030000308000440855030000000004085850082000040883454885
555555000000003080400855440000000553858580000000030880453885
555850040000003380433855400000000554858583000000030880453884
858546000000408220540845030000000025285850080000040883554885
658555000000004080400845340000000553858580000000000880453885
658555000000004080400855440000000554858580000000000880453885
858545040000008000500805000850000004385850084000040883553885
858648030030008000500805033854000005485850085000040883553885
858548000000308000552845300000000004386850080000000883453885
858555000000308200552845332000000005286850083000040883453885
85866834004000800335830055586653535050550000550555555555058
85865805008203008000544854400000032868500840000004088355088
86865805008003308000543855300000032868500840000004088345587
85864806008003008300353855443000200538685048000000388306588
85864805008003408300343845400000000538485008400003088336387
85864805000820003833604855442200538585006000000003088046088
85875840008203338002543855300000032868500840000000088345087
85875840008203328202543856300000032868500840000000088056087
85864805038204008000524855330000032858500800000003088355088
85874804008003008205438564300005385850050000000053583453884
85846500003382005338553000000327685008400000004088306488400
85845500000432820353285433300000004286850084000040883563884
85856400000422832334284400000003285850085000005088355388203
85856500000332820343285430000000004085850082005088355088200
76874804033333830054285630002000000250858500800050883553884
85856400000433832334384400000003285850085000005088355388203
85857500000342842333385530000000004286840084000040883563884
85856600000003538043085530400000438585800000000040883453884
86856400000003338043384630000000034086838500000000088345088
85856504000000338073385530000000004386858500000004088056088
85856500000000538053085540000000438585800000000000880453884
85856500000003538045385530000000035386858500000004088056088
85854504000003308050085543000000044385858500000003088046088
86856450000000538045085440000000003085868000000000088355088
85856400000003338043385543400000044286848500000000088355088
85854504000000308040085540000000045485858000000003088045088
85856400003338005338460000000000003273850080000050883560884
85856500044382225538460300000000004384850080000050883463884
55844530000045380450856430000040253858585000000030880452884
85846000000338323333845000300000000428585008000005088357587
85844600000338203503846000300000000408485008000005088357587
85854800003338235338560000000000004275850080000040883464884
85865800000038203332856332040050023385850080000040883465884
85865800000038423333846000400000000428385008000004088346588
85856400000033820044385544000000003385858300000000088045087
85845535000330820053384543004000005085868000000000880062885
85850000004338423343855334000000004284850080000050883464884
75846500000000438037085655000000055586868000000005088307588
85856800000038423333846000000000000427485008000005088357588
85865800000338203533846030300000000408384008000004088347588
85855800000308203533846030000000000426585008000004088347588
85844604000003338036085545000002035386848000000003388347086
85865830008003008200443855503003032858500800000000088056088
8688640000333820250384403000000238585008000000000088356387
8586080400820053830345484643003385850080000000000088045388
8086480500820033800744856430000538485030000000004088035388
8585680400800050800304855430000538585035400000003388346388
8688540080035080073385540000024285850354000000050783350884
8585500000008000533855330000000338584008400000004088306387
8584750000043082005508440300000000042658500800004088346487
8586680000033082005508463300000000050858500820050880553880
8586480000003382233438563000000338485008400000508805528823
8585550000000082000408543300000000050868500800040883553884
8585650000003382233328543300000000042858500800050883553884
8585650000030383233428453040000328585008500000508805528823
8585480400000033806038554400000000538585850000000388345087
8585450400000030805308554000000004538585800000040883563884
8585660000000343804308553000000033858580000000000088045088
8585650000000053805308563000000043858580000000000088045088
8583750000030820054385630000000000428685008000000883553884
8583750300033800053485530000000000428585008000040883563884
8580750000043800044285640000000000528684008000050883453884
8580480000044383004408553040000003538685008000040883553885
8586470000033383233428443000000000537584008000040883454884
8580680000348223503845030400000000308585008000005088357587
8585000000403832343384630000000000328584008000004088356587
8580080000044383004408550040000003538685008000040883453885
8686480300003383234428553000000000408684008000040883553884
7686480000004383234438553000000000528585008400050883553884
8686480000004383034438553000000000528685008400050883553884
7686480302003382225438554040000000308584008000040883553884
8686480300003382224438554040000000308684008000040883553884
7686480000004383234438553000000000508585008400050883553884
8686480300003383234438553000000000408585008400050883553884
8585450000338323453846000040050004085850080000040883454884
8585450000338323453856000000060004085850080000050883453884
8580600003338323443845004300060004465850080000050883464884
8586480000033384233438554300000000408585008000040883564884
8585550004338323333855000000050003273850080000050883465884
8585600003338322434855300000000002365850085000040883464884
8585650004338323444855333000000004285850080000040883563884
8584600004438223553846004040050004365850080000050883563884
8580480000044383004408543000000003538685008000040883453885
7586500000338222443855300000000005284850080000030883453884
8686480000034383223438553340000000538584008000040883464884
8580600000338303443855000400000004265850080000040883564880
7686480000004383234438553000000000508585008400050880563884
8584600003338423353855000500000004085850080000050883454884
8584700003338423353855000500000004074850080000050883464884
8686480300003382224438554040000000308584008000040883553884
8584600003338423353845000500000004075850080000050883464884
8584700003338423453855004500000004073850080000050883464884
8584400000000840334085540400302436684208400000000088347387
8585580004308200540854303040000003276850080000050883454884
8585580004338200550855003040000003286850080000000883453884
8585580004308200550855303040000003286850083000040883455885
8686570004438200553845030000000003285850080000040883454884
8686580003308200552855332000000005085840084000040883454884
8686550004338200553854030000000003284850083000030883464884
8685580003508220542855330000000003285850080000030883563884
8586550004508200552854333000000004285850080000040883454884
8585580003408200552855300000050005285840080000040883453880
8685580000408200542855300000000004085850080000040883454884
8586580004408200552855300000000003285850080000040883454885
8686550004408220542854332000000004285850083000030883453884
8686550004408220552854330000000004275850085000030883454884
8586580003308220542855300000000004085850080000040883454884
8685650003308200552855300020000025265840080000030883454884
8685580000308200552855332000000005085840080000030880454884
8686580003508200553855400000000003385850080000040880560885
8686580004408220542855400000000004285850084000040883454885
8686580004508220552845300000000003285850080000040883454885
8686580003508200552855300000000005286850080000030883453885
8685550000408200542855300000000004285850083000000883454885
8685550004408200542855300000000004285850080000030883454885
8686580004528220553855300000000003285850080000030883454885
8686580004528220553855300000000003285850080000030883454885
8686580003508200552855300000000004285850080000030880554885
858804008000008005338564300000528585045000000003088346088
858475000005082005528453000000000050858500800050880554884
858464000003028323343844000000032868500850000050883553884
858464000003038323343844000000032858500850000050883553884
858564000003028323343844000000032858500850000050883552884
858564000004238323343844000000032858500850000050883553884
858564000003038323343844000000032858500850000050883553884
858564000003028323343844000000032858500850000050883552884
758545000003338303040844330000000052758400820050883550884
858670000008000443854303000000003065850080000050883563884
858558000003003380433855300000442868580000000000883453884
858670000008000443854333000000003065850080000050883563884
858570000008000443854433000000003065850080000050883553884
858750000408200544855300000000003385850080000040883553884
868464000000004380403856430000343858585000000000880550884
858050000040820055284503000000000508685008000000088346087
858470000338223544855334000000005375850800000050883553884
858450000438223544855434000000003375850080000040883553884
858464000000033804708553000000034758580000000030880362884
858560000333822353485633300004000427384008000005088347587
858275000000000080000408560000000003438580800000880664885
858466000000033804708554000000033658680000000030880362884
858468000000033805708564000000034658680000000030880362884
868465000000033805608564000000034758680000000030880550884
858464000000353804708554000000034758685000000030880363885
858445000000303804608564000000033658680000000030880052885
868648000004338222442845300000000052868400800004088356387
858648000003338222442855000000000052858400840005088346587
858658000343832343485530300000000326285008000000088356487
858465040040820044385533300000000538485008000000088045487
858565000000033082000408440000000000538685800050883073885
858658000433822344385603300000000206385008000000088356487
758647000003438322442854343000000052858400800040883563884
858648000003338222332845000000000052858400800050883553884
868548000003338232342855040000000052858400800040883554884
758465000000000080000408440000000000538685800050883063885
868648030003338222342854343000000052868400800040883553884
868648000003382235538543000000002328585000800050883553884
858446000000033805708564000000034758680000000030880362884
858045500000508203553856544420000035485850084000003043887
858070000408003544855433000000003266850084000050883563884
858070000408000544856333000000003275850084000050883563884
858460000408000544856333000000003275850084000050883563884
858460000408000544856333000000023275850084000050883563884
858070000408000544855433000000003265850083000050883563884
858070000408000534855433000000003275850084000050883563884
858370000338000544854443000000005265850084000040883563884
55800030820353485653000000000528685008400000004088068485
85884800800300800603856400000427585040400000004568447085
85854500000000803743856400000438585045400000003088046088
85854500000000803743856400000438585035400000003388346088
80864805008200038203338554000004285850500000003388035388
86848038003308200544855504000023758500800000000088347387
85854800000030820005385600000004385850080000040883453884
85864800000033820334385600000003384850080000040883453884
85856500000000820044385430000003285850085000000883552884
85857000030820050385634000000000538685008000004088046088
85807000000383034338550005000000042858500800000408835758
86856000000000338037085654005000045588858000000000585557
86864804000333832344284430400000005286850080005088356388
85844460000308060385540000003053858585000000000088055088
85854800000333833334284400000000005086850080005088356088
86855800000333832335385530000000408584008000040883564884
85864800000033822343384430000000005286850080005088356388
55847000033820053385543000000000438585008300004088356088
85847000033820044485534300000000526585008400004088357088
85800000043820053485430000000000437585008000004088367088
8686480403233383200428550300000052858600800050883554884
8585580300003382000038464000020052858500800050880463884
8585480320004384030008563300020052858500800050880453884
8686480400003383234428543000000032858500800040883553884
8586680300004380300408443300020050858500800050880473884
8685480320003383230028563300000050858500800040880363884
8686480402233383200428553300000052858600800050883565884
8684660330004384030028563300020052858500800040880363884
8686480300003382234428543300000052868500800040883553884
8585580300003383000038464300020052858500800050883443885
7587480400033382303428440000000042858700800050883554884
8686550402040383200338553400000052858700800050883554884
8586580300003082000308453000030250858500840050880453884
8586480320004384030008563300000052858500800040880453884
7586480000003382233428553040000000528584008000508846738
858648000000308200540856300000438585008000508804508800
858564000000328203533854300000030858500820040880560884
86846803300033820333085540000040858500820050880462883
85854800000040800040085640000053858500800050880463885
85864803300043820344085430000042858500840050880453884
85864803300043820343085430000042858500820050880463884
75874803000043820343284530000040858600800050880463884
85864803020040820044285430000050858500800050880463884
85864803000033800344284530000053858500800050880452880
85864804000043820044285430000350858500800050880463884
85876800000033820345384530000252858500800050880463880
55804000035080600846300000054858680000000000880550884
85855800008000048048860000004086850084000000040883588
8584400000000800005385600448585008500000000088047087
8585400000000820005385600448585008400000000088047087
5885555505005558800008005000088000000080880005