301	496	1.00	7.829E-14	34	108	109	0	74	75	75M
302	381	0.675	3.325E-11	34	108	109	0	76	77	27M2D48M
299	315	0.600	2.076E-09	36	108	109	0	74	75	25M2D48M
300	293	0.594	1.906E-08	37	108	109	0	73	74	24M2D48M
66	125	0.318	3.130E-04	41	106	109	0	59	61	9M5I5M2D15M2I9M2I16M1D3M
469	120	0.323	1.064E-04	42	106	109	1	62	71	15M5I14M3D6M1I24M
410	117	0.264	8.163E-04	42	106	109	1	64	66	6M3I14M2D16M1I10M1D15M
472	116	0.283	2.615E-04	44	106	109	1	62	71	4M3I3M1I8M1D13M3D6M1I24M
407	114	0.308	1.101E-03	41	105	109	0	62	65	7M3I11M2D13M1I5M1I14M1D10M
218	112	0.303	8.163E-04	42	105	109	1	59	62	6M3I12M2D11M2I10M2I18M
20	111	0.194	2.260E-03	42	106	109	1	59	60	4M6I10M2D12M2I31M
411	109	0.214	5.698E-04	41	105	109	0	63	66	9M5I5M2D4M2D16M1I10M1D15M
445	107	0.318	1.169E-03	42	105	109	1	59	62	6M3I13M2D14M2I6M2I18M
205	106	0.276	1.675E-03	42	106	109	1	58	60	6M2I5M1I22M2I6M2I19M
211	106	0.234	2.948E-04	42	105	109	1	57	60	6M2I5M1I18M4I28M
217	106	0.303	1.400E-03	42	105	109	1	59	62	6M3I12M2D15M2I6M2I18M
419	106	0.267	1.242E-03	41	106	109	0	63	64	5M6I13M2D11M3D6M1I24M
473	106	0.326	1.318E-03	63	105	109	16	60	65	13M3D6M1I23M
495	106	0.242	9.770E-04	41	106	109	0	63	65	5M5I9M2D5M2D16M1I25M
444	105	0.318	1.318E-03	42	105	109	1	59	62	6M3I13M2D14M2I6M2I18M
437	105	0.217	1.318E-03	42	106	109	1	63	65	4M5I9M2D3M2D18M1I25M
89	105	0.289	1.400E-03	42	105	109	1	64	74	4M3I6M1I7M2D13M3D6M1I23M
21	104	0.194	3.651E-03	42	106	109	1	59	60	4M2I2M4I8M2D9M2I34M
212	104	0.250	5.698E-04	42	105	109	1	57	60	6M3I24M4I27M
183	104	0.276	1.318E-03	42	105	109	1	58	61	6M3I13M1D10M2I10M2I18M
385	104	0.285	6.423E-04	41	108	109	1	75	76	9M2I13M2D6M2D20M5D18M
396	104	0.272	9.202E-04	41	108	109	1	75	76	8M2I12M2D13M2D16M5D17M
93	103	0.287	1.779E-03	42	106	109	1	59	61	6M3I13M1D14M2I6M2I19M
177	103	0.276	1.400E-03	42	105	109	1	58	61	6M3I13M1D10M2I10M2I18M
380	103	0.264	1.400E-03	41	106	109	1	64	66	7M3I14M2D15M1I26M
12	102	0.194	1.318E-03	42	106	109	1	59	60	4M6I13M2D6M2I34M
64	102	0.287	9.202E-04	41	104	109	0	56	61	5M5I9M2D15M2I9M2I17M
182	102	0.276	1.675E-03	42	105	109	1	58	61	6M3I13M1D10M2I10M2I18M
298	102	0.318	2.548E-03	42	106	109	1	62	71	4M5I3M1I9M1D13M3D5M1I24M
252	101	0.250	1.578E-03	42	105	109	1	57	60	6M3I21M1I5M1I7M2I18M
379	101	0.264	1.486E-03	41	106	109	1	64	66	7M3I14M2D15M1I26M
88	101	0.289	2.129E-03	42	105	109	1	64	74	4M3I6M1I7M2D13M3D6M1I23M
190	100	0.276	1.675E-03	42	105	109	1	58	61	6M3I13M1D10M2I10M2I18M
192	100	0.276	1.578E-03	42	105	109	1	58	61	6M3I13M1D10M2I10M2I18M
195	100	0.263	1.318E-03	42	106	109	1	63	72	5M8I5M2D3M2D13M3D6M1I24M
86	99	0.220	2.706E-03	42	106	109	1	59	60	8M6I9M2D7M3I6M1D26M
214	99	0.242	2.185E-04	42	105	109	1	57	60	6M3I2M2I5M2D14M4I28M
429	99	0.205	2.548E-03	42	106	109	1	59	60	4M6I13M2D6M1D5M3I28M
387	99	0.311	9.202E-04	41	108	109	1	75	76	7M2I15M2D8M1D4M1D13M5D19M
393	99	0.298	6.423E-04	41	108	109	1	75	76	8M2I12M3D14M1D14M5D18M
204	98	0.250	8.163E-04	42	105	109	1	57	60	6M3I23M4I28M
424	98	0.220	3.438E-03	42	106	109	1	59	60	4M6I13M2D6M3I5M1D28M
202	97	0.283	1.779E-03	42	106	109	1	58	60	6M3I3M2I4M2D15M1I2M1I7M2I19M
185	97	0.276	2.706E-03	42	105	109	1	58	61	6M3I13M1D10M2I10M2I18M
406	97	0.257	2.129E-03	42	105	109	1	61	64	6M3I14M2D15M1I12M1I12M
388	97	0.282	1.101E-03	41	108	109	1	75	76	6M1D2M3I13M2D7M2D20M5D17M
392	97	0.272	1.675E-03	41	108	109	1	75	76	9M2I11M2D9M2D19M5D18M
207	96	0.257	1.889E-03	42	105	109	1	57	60	8M5I5M2D15M1I2M1I7M2I18M
180	96	0.276	3.050E-03	42	105	109	1	58	61	6M3I13M1D10M2I10M2I18M
181	96	0.276	2.706E-03	42	105	109	1	58	61	6M3I13M1D10M2I10M2I18M
184	96	0.276	2.548E-03	42	105	109	1	58	61	6M3I13M1D10M2I10M2I18M
434	96	0.272	3.238E-03	42	105	109	1	62	65	6M3I12M1D1M1D10M1I31M
496	95	0.253	1.486E-03	45	106	109	1	57	59	12M5I2M1D17M1I25M
244	95	0.250	2.129E-03	42	105	109	1	57	60	6M3I18M1I8M1I7M2I18M
178	95	0.276	2.873E-03	42	105	109	1	58	61	6M3I13M1D10M2I10M2I18M
131	95	0.220	4.639E-03	42	106	109	1	61	62	4M5I13M2D10M2I5M1D26M
405	95	0.257	2.706E-03	42	105	109	1	61	64	6M3I14M2D15M1I12M1I12M
420	95	0.275	2.005E-03	42	106	109	1	63	72	15M5I2M1D12M3D6M1I24M
7	94	0.191	3.050E-03	42	106	109	1	59	60	4M6I13M2D6M1D5M3I28M
208	94	0.272	1.889E-03	42	105	109	1	57	60	6M3I2M2I5M2D15M1I2M1I7M2I18M
251	94	0.246	4.926E-03	42	106	109	1	58	60	6M3I20M2I13M2I19M
421	94	0.205	6.260E-03	42	106	109	1	59	60	4M6I11M2D8M3I7M1D26M
427	94	0.208	2.873E-03	42	106	109	1	59	60	4M6I13M2D6M2I34M
428	94	0.205	3.876E-03	42	106	109	1	59	60	4M6I13M2D6M1D5M3I28M
94	94	0.257	1.400E-03	42	106	109	1	59	61	6M3I13M1D11M4I28M
107	94	0.272	3.876E-03	42	106	109	1	59	61	6M2I5M1I7M1D15M2I6M2I19M
187	94	0.246	9.770E-04	42	105	109	1	58	61	6M3I13M1D10M4I28M
303	94	0.217	9.202E-04	42	106	109	1	63	65	3M5I10M2D5M2D16M1I25M
304	94	0.214	1.169E-03	41	106	109	0	63	65	4M5I10M2D5M2D16M1I25M
254	93	0.246	2.706E-03	42	106	109	1	58	60	6M3I28M2I5M2I19M
132	93	0.212	1.675E-03	42	106	109	1	61	62	4M5I30M1D26M
312	93	0.313	8.163E-04	42	105	109	1	62	65	6M3I14M2D9M2I6M1D24M
371	93	0.289	2.260E-03	41	106	109	1	64	66	7M3I14M2D5M2I9M1D26M
395	93	0.272	2.260E-03	41	108	109	1	75	76	8M2I12M2D9M2D20M5D17M
448	92	0.261	8.968E-03	41	105	109	0	54	57	7M3I18M1I4M4I8M2I18M
200	92	0.250	2.873E-03	42	105	109	1	57	60	6M3I24M1I8M3I19M
100	92	0.287	4.369E-03	42	106	109	1	59	61	6M3I13M1D11M1I2M1I7M2I19M
106	92	0.257	1.779E-03	42	106	109	1	59	61	6M3I13M1D11M4I28M
186	92	0.276	3.438E-03	42	105	109	1	58	61	6M3I13M1D10M2I10M2I18M
408	92	0.271	3.238E-03	41	105	109	0	62	65	7M3I2M2I5M4D15M1I5M1I14M1D10M
367	92	0.264	3.876E-03	41	106	109	1	64	66	7M3I14M2D15M1I26M
199	91	0.242	5.366E-04	42	105	109	1	57	60	6M3I2M2I5M2D14M4I28M
260	91	0.179	6.646E-03	42	106	109	1	59	60	5M6I10M2D8M2I34M
422	91	0.208	5.896E-03	42	106	109	1	59	60	4M6I13M2D6M2I34M
176	91	0.276	4.369E-03	42	105	109	1	58	61	6M3I13M1D10M2I10M2I18M
311	91	0.303	1.675E-03	42	105	109	1	62	65	6M3I12M2D15M1I27M
322	91	0.313	1.242E-03	42	105	109	1	62	65	6M3I14M2D9M2I6M1D24M
386	91	0.285	2.400E-03	41	108	109	1	75	76	9M2I13M2D7M2D20M5D17M
443	91	0.210	1.242E-03	42	106	109	1	74	82	3M3D4M2I12M1D6M2D21M3D7M2D10M
3	90	0.194	4.639E-03	42	106	109	1	59	60	4M6I13M2D6M2I34M
13	90	0.194	3.050E-03	42	106	109	1	59	60	8M6I9M2D13M2I27M
87	90	0.208	5.896E-03	42	106	109	1	59	60	8M6I9M2D6M2I34M
415	90	0.223	4.115E-03	42	106	109	1	60	61	3M2I5M3I10M2D4M1I8M1I28M
416	90	0.223	4.115E-03	42	106	109	1	60	61	3M2I5M3I10M2D4M1I8M1I28M
265	90	0.235	3.050E-03	42	105	109	1	59	62	6M3I3M2I4M2D3M2D11M2I10M2I18M
65	90	0.242	4.369E-03	42	107	109	1	64	65	8M5I5M2D4M2D16M1I27M
470	90	0.272	1.675E-03	44	105	109	1	60	65	7M1D6M5I14M3D6M1I23M
376	90	0.289	2.873E-03	41	106	109	1	64	66	6M3I15M2D9M2I5M1D26M
389	90	0.298	1.779E-03	41	108	109	1	75	76	9M2I11M3D14M1D14M5D18M
481	90	0.250	1.779E-03	41	108	109	1	80	82	8M1D14M2D12M3D7M1D12M5D15M
8	89	0.194	3.651E-03	42	106	109	1	59	60	4M6I13M2D13M2I27M
196	89	0.272	3.438E-03	42	105	109	1	57	60	6M3I3M2I4M2D15M1I2M1I7M2I18M
206	89	0.250	1.889E-03	42	105	109	1	57	60	6M3I23M4I28M
92	89	0.257	2.400E-03	42	106	109	1	59	61	6M3I13M1D11M4I28M
75	89	0.260	2.005E-03	42	106	109	1	60	62	6M3I3M2I4M2D4M2D11M2I9M2I19M
209	88	0.242	1.169E-03	42	105	109	1	57	60	6M3I3M2I4M2D15M1I2M3I25M
241	88	0.230	3.050E-03	42	105	109	1	57	60	6M3I24M3I2M1D6M2I18M
63	88	0.275	5.896E-03	41	106	109	0	61	63	7M3I11M2D7M1I8M3I9M1D17M
490	88	0.246	2.873E-03	41	108	109	1	80	82	8M1D14M2D11M5D4M1I15M5D15M
14	87	0.194	3.876E-03	42	106	109	1	59	60	8M6I9M2D13M2I27M
16	87	0.194	3.876E-03	42	106	109	1	59	60	8M6I9M2D13M2I27M
256	87	0.257	7.056E-03	42	106	109	1	58	60	6M3I19M1D5M3I8M2I19M
425	87	0.205	1.011E-02	42	106	109	1	59	60	7M6I10M2D6M1D4M3I29M
79	87	0.268	5.896E-03	42	106	109	1	60	62	6M3I13M2D10M2I10M2I19M
305	87	0.313	1.675E-03	42	105	109	1	62	65	6M3I10M1D3M1D10M2I6M1D24M
368	87	0.289	4.369E-03	41	106	109	1	64	66	7M3I14M2D9M2I5M1D26M
372	87	0.279	2.548E-03	41	106	109	1	64	66	7M3I14M1D10M1I5M1D26M
391	87	0.272	4.369E-03	41	108	109	1	75	76	8M2I12M2D9M2D19M5D18M
397	87	0.311	2.548E-03	41	108	109	1	75	76	8M2I14M2D8M1D9M1D10M5D17M
398	87	0.293	1.889E-03	41	106	109	1	73	76	8M2I12M3D14M1D15M5D15M
1	86	0.194	6.260E-03	42	106	109	1	59	60	4M6I13M2D6M2I34M
5	86	0.191	5.553E-03	42	106	109	1	59	60	4M6I13M2D6M1D4M3I29M
11	86	0.194	5.230E-03	42	106	109	1	59	60	4M4I3M2I10M2D6M2I34M
19	86	0.194	6.260E-03	42	106	109	1	59	60	4M6I13M2D6M2I34M
243	86	0.218	1.400E-03	42	105	109	1	57	60	6M3I33M4I18M
250	86	0.235	4.926E-03	42	106	109	1	58	60	7M5I6M2D10M1D5M3I8M2I19M
255	86	0.246	4.369E-03	42	106	109	1	58	60	6M3I28M2I5M2I19M
258	86	0.242	2.873E-03	42	105	109	1	57	60	6M3I3M2I4M2D10M1I7M1I7M2I18M
426	86	0.208	3.651E-03	42	106	109	1	59	60	4M3I2M3I11M2D14M2I26M
432	86	0.220	3.438E-03	42	105	109	1	62	65	3M5I10M2D3M2D15M1I27M
375	86	0.279	3.050E-03	41	106	109	1	64	66	7M3I14M1D10M1I5M1D26M
418	86	0.214	5.230E-03	41	105	109	0	63	66	5M5I9M2D4M2D17M1I10M1D14M
399	86	0.285	3.876E-03	41	108	109	1	75	76	8M2I14M2D11M2D14M5D19M
401	86	0.272	5.553E-03	41	108	109	1	75	76	8M2I12M2D10M2D19M5D17M
446	85	0.261	1.954E-02	41	105	109	0	54	57	7M3I22M5I8M2I18M
4	85	0.194	7.056E-03	42	106	109	1	59	60	4M6I13M2D6M2I34M
10	85	0.194	5.553E-03	42	106	109	1	59	60	4M6I13M2D13M2I27M
15	85	0.194	5.553E-03	42	106	109	1	59	60	4M6I13M2D13M2I27M
193	85	0.276	8.446E-03	42	105	109	1	58	61	6M3I11M1D12M2I10M2I18M
264	85	0.220	3.651E-03	42	105	109	1	59	62	6M3I3M2I7M4D10M1I4M1I7M2I18M
315	85	0.294	2.400E-03	42	105	109	1	62	65	6M3I12M2D8M1D5M3I3M1D24M
316	85	0.343	2.400E-03	42	105	109	1	62	65	6M3I12M2D8M1I3M1I6M1D24M
318	85	0.300	1.101E-03	40	106	109	1	63	65	6M5I12M2D12M2I5M1D25M
433	85	0.250	3.438E-03	42	105	109	1	62	65	3M5I10M2D3M2D7M1I35M
442	85	0.210	2.400E-03	42	106	109	1	74	81	3M3D4M2I12M1D6M2D21M3D7M2D10M
413	84	0.194	7.492E-03	42	106	109	1	58	59	4M5I13M2D5M1I8M3I26M
85	84	0.205	9.521E-03	42	106	109	1	59	60	8M6I9M2D6M1D5M3I28M
213	84	0.253	1.889E-03	42	106	109	1	58	60	6M3I3M2I4M2D14M4I29M
263	84	0.196	3.651E-03	42	106	109	1	59	60	15M5I2M1D15M2I26M
104	84	0.287	8.968E-03	42	106	109	1	59	61	6M3I13M1D11M1I2M1I7M2I19M
105	84	0.220	1.675E-03	42	106	109	1	59	61	6M3I3M2I6M3D13M4I28M
179	84	0.246	2.873E-03	42	105	109	1	58	61	6M3I13M1D10M4I28M
317	84	0.343	2.129E-03	42	105	109	1	62	65	6M3I10M1D3M1D7M1I3M1I6M1D24M
115	84	0.239	2.400E-03	41	106	109	0	65	66	7M3I9M2D1M2D14M1I2M1I16M1D12M
383	84	0.289	6.260E-03	41	106	109	1	64	66	7M3I14M2D9M2I5M1D26M
390	84	0.269	4.926E-03	41	108	109	1	75	76	6M1D1M3I12M2D9M2D19M5D18M
2	83	0.194	6.646E-03	42	106	109	1	59	60	4M6I13M2D13M2I27M
6	83	0.194	7.492E-03	42	106	109	1	59	60	4M6I13M2D6M2I34M
215	83	0.242	1.318E-03	42	105	109	1	57	60	6M4I2M1I5M2D15M4I27M
247	83	0.250	7.955E-03	42	105	109	1	57	60	6M3I24M1I2M1I7M2I18M
249	83	0.253	4.639E-03	42	106	109	1	58	60	6M3I3M2I4M2D12M1I5M1I7M2I19M
268	83	0.194	8.446E-03	42	106	109	1	59	60	4M6I13M2D6M2I34M
510	83	0.255	5.553E-03	64	106	109	19	59	60	15M2I26M
321	83	0.313	2.005E-03	42	105	109	1	62	65	5M3I13M2D11M2I6M1D24M
366	83	0.264	6.646E-03	41	106	109	1	64	66	7M3I14M2D3M1I38M
370	83	0.279	4.115E-03	41	106	109	1	64	66	6M3I15M1D10M1I5M1D26M
9	82	0.194	8.968E-03	42	106	109	1	59	60	4M6I13M2D6M2I34M
198	82	0.227	1.779E-03	42	105	109	1	57	60	8M5I5M2D14M4I28M
245	82	0.234	7.955E-03	42	105	109	1	57	60	6M3I27M2I6M2I18M
283	82	0.194	1.140E-02	42	106	109	1	59	60	5M6I12M2D6M2I34M
108	82	0.242	5.230E-03	42	106	109	1	59	61	6M2I5M1I8M1D11M4I28M
188	82	0.246	3.050E-03	42	105	109	1	58	61	6M3I13M1D10M4I28M
323	82	0.313	2.706E-03	42	105	109	1	62	65	6M3I10M1D3M1D10M2I6M1D24M
381	82	0.279	4.369E-03	41	106	109	1	64	66	7M3I14M1D10M1I5M1D26M
417	82	0.214	6.646E-03	41	105	109	0	63	66	5M5I9M2D5M2D16M1I10M1D14M
447	81	0.261	2.203E-02	41	105	109	0	54	57	7M3I18M1I4M4I8M2I18M
197	81	0.253	2.706E-03	42	106	109	1	58	60	6M3I3M2I4M2D14M4I29M
455	81	0.255	8.968E-03	64	106	109	19	59	60	15M2I26M
189	81	0.246	4.115E-03	42	105	109	1	58	61	6M3I13M1D10M4I28M
191	81	0.246	3.438E-03	42	105	109	1	58	61	6M3I13M1D10M4I28M
194	81	0.246	3.651E-03	42	105	109	1	58	61	6M3I13M1D10M4I28M
121	81	0.239	3.876E-03	41	106	109	0	65	66	7M3I9M2D1M2D14M2I18M1D12M
175	81	0.228	3.876E-03	41	106	109	0	66	68	7M3I12M2D10M1D9M1D25M
0	80	0.194	8.968E-03	42	106	109	1	59	60	4M6I13M2D13M2I27M
240	80	0.238	5.553E-03	42	106	109	1	58	60	6M3I3M2I4M2D18M2I6M2I19M
246	80	0.223	4.369E-03	40	106	109	2	58	60	3M4I8M2I15M1I5M1I7M2I19M
261	80	0.181	6.646E-03	42	106	109	1	59	60	15M5I2M1D7M2I34M
97	80	0.257	6.646E-03	42	106	109	1	59	61	6M3I13M1D11M4I28M
102	80	0.230	4.639E-03	42	105	109	1	58	61	6M2I5M1I6M1D13M4I27M
306	80	0.289	1.318E-03	40	105	109	1	62	65	6M5I14M2D9M2I6M1D24M
309	80	0.313	4.369E-03	42	105	109	1	62	65	6M3I12M2D11M2I6M1D24M
172	80	0.228	7.955E-03	41	106	109	0	66	68	7M3I12M2D10M1D8M1D26M
412	79	0.194	1.538E-02	42	106	109	1	53	54	4M5I13M2D6M6I2M3I26M
18	79	0.194	1.210E-02	42	106	109	1	59	60	4M6I13M2D6M2I34M
257	79	0.253	6.260E-03	42	106	109	1	58	60	6M3I3M2I4M2D12M1I5M1I7M2I19M
465	79	0.255	1.011E-02	64	106	109	19	59	60	15M2I26M
512	79	0.250	1.210E-02	64	106	109	19	59	60	8M1D3M3I29M
307	79	0.308	2.548E-03	42	105	109	1	62	65	6M3I8M1I4M3D11M2I5M1D24M
308	79	0.268	2.548E-03	40	104	109	1	61	65	6M5I10M1D3M1D14M1I26M
129	79	0.253	1.285E-02	41	105	109	0	63	66	5M6I10M2D14M3D5M1I15M1D9M
373	79	0.279	6.260E-03	41	106	109	1	64	66	7M3I14M1D10M1I5M1D26M
333	79	0.210	7.492E-03	41	106	109	1	72	74	6M2D1M3I12M2D18M1I8M6D17M
479	79	0.222	4.115E-03	41	106	109	1	78	82	6M4D1M3I12M2D11M3D8M1D12M5D13M
459	78	0.255	1.210E-02	64	106	109	19	59	60	15M2I26M
508	78	0.218	7.955E-03	45	106	109	1	59	60	3M3I12M2D16M2I26M
95	78	0.257	7.056E-03	42	106	109	1	59	61	6M3I12M1D12M4I28M
310	78	0.289	2.400E-03	40	105	109	1	62	65	6M5I10M1D3M1D10M2I6M1D24M
313	78	0.303	3.050E-03	42	104	109	1	61	65	6M3I12M2D12M2I5M1D23M
112	78	0.231	8.968E-03	41	106	109	0	65	66	7M1I12M2D14M1I2M1I16M1D12M
330	78	0.210	6.260E-03	41	106	109	1	72	74	6M2D1M3I12M2D18M1I7M6D18M
403	78	0.285	7.492E-03	41	108	109	1	75	76	9M2I13M2D6M2D19M5D19M
485	78	0.226	7.056E-03	41	103	109	1	75	82	6M1D16M2D12M4D19M5D10M
414	77	0.179	1.448E-02	42	106	109	1	58	59	4M5I11M1D2M1D5M1I8M3I26M
203	77	0.242	2.706E-03	42	105	109	1	57	60	6M3I2M2I5M2D14M4I28M
210	77	0.242	2.873E-03	42	105	109	1	57	60	6M4I2M1I5M2D14M4I28M
222	77	0.255	1.364E-02	64	106	109	19	59	60	15M2I26M
272	77	0.179	1.633E-02	42	106	109	1	59	60	4M5I5M1I5M2D7M1I9M1I27M
461	77	0.255	1.285E-02	64	106	109	19	59	60	15M2I26M
505	77	0.255	9.521E-03	64	106	109	19	59	60	15M2I26M
109	77	0.246	6.646E-03	42	105	109	1	58	61	6M3I10M1D13M4I28M
314	77	0.313	5.553E-03	42	105	109	1	62	65	6M3I12M2D12M2I5M1D24M
127	77	0.239	4.926E-03	41	106	109	0	65	66	7M3I9M2D2M2D13M1I2M1I15M1D13M
336	77	0.210	7.492E-03	41	106	109	1	72	74	6M2D1M3I12M2D18M1I7M6D18M
339	77	0.223	1.011E-02	41	106	109	1	72	74	6M2D1M3I12M2D18M1I8M1D2M5D15M
342	77	0.210	7.056E-03	41	106	109	1	72	74	6M2D1M3I12M2D18M1I7M6D18M
394	77	0.311	8.968E-03	41	108	109	1	75	76	9M2I13M2D9M1D3M1D13M5D19M
259	76	0.194	1.364E-02	42	106	109	1	59	60	5M6I12M2D14M2I26M
423	76	0.205	2.339E-02	42	106	109	1	59	60	4M3I2M3I11M2D6M1D4M3I29M
497	76	0.255	1.073E-02	64	106	109	19	59	60	15M2I26M
506	76	0.250	1.448E-02	64	106	109	19	59	60	8M1D3M3I29M
516	76	0.255	1.011E-02	64	106	109	19	59	60	15M2I26M
324	76	0.303	4.926E-03	42	104	109	1	61	65	5M3I13M2D11M2I6M1D23M
326	76	0.210	7.492E-03	41	106	109	1	72	74	6M2D1M3I12M2D18M1I7M6D18M
331	76	0.223	7.492E-03	41	106	109	1	72	74	6M2D1M3I12M2D18M1I7M3D5M3D13M
253	75	0.261	1.954E-02	42	106	109	1	58	60	6M3I18M1I8M1I7M2I19M
454	75	0.255	1.364E-02	64	106	109	19	59	60	15M2I26M
99	75	0.246	7.955E-03	42	105	109	1	58	61	6M3I10M1D14M4I27M
378	75	0.253	1.073E-02	41	106	109	1	64	66	7M3I14M1D42M
328	75	0.210	9.521E-03	41	106	109	1	72	74	6M2D1M3I12M2D18M1I7M6D18M
219	74	0.255	1.633E-02	64	106	109	19	59	60	15M2I26M
234	74	0.255	1.448E-02	64	106	109	19	59	60	15M2I26M
285	74	0.191	1.733E-02	42	106	109	1	59	60	5M6I12M2D6M2I2M1D4M1I27M
498	74	0.255	1.364E-02	64	106	109	19	59	60	15M2I26M
513	74	0.196	7.492E-03	42	106	109	1	59	60	15M5I2M1D15M2I26M
515	74	0.255	1.364E-02	64	106	109	19	59	60	15M2I26M
76	74	0.268	1.954E-02	42	106	109	1	60	62	6M3I13M2D11M1I5M1I4M2I19M
409	74	0.233	5.230E-03	51	105	109	7	59	62	3M2I4M1I1M5D16M2I6M2I18M
319	74	0.275	2.873E-03	42	105	109	1	62	65	6M5I7M1D4M3D10M2I6M1D24M
320	74	0.289	3.050E-03	40	105	109	1	62	65	6M5I14M2D10M2I5M1D24M
384	74	0.279	8.968E-03	41	106	109	1	64	66	7M3I14M1D6M1I9M1D26M
400	74	0.272	1.538E-02	41	108	109	1	75	76	9M2I11M2D14M2D14M5D18M
279	73	0.232	2.339E-02	64	106	109	19	59	60	7M2I34M
280	73	0.218	1.633E-02	45	106	109	1	59	60	3M3I13M2D8M2I33M
503	73	0.196	7.955E-03	42	106	109	1	59	60	15M5I2M1D15M2I26M
162	73	0.231	1.448E-02	43	106	109	2	66	68	8M3I9M2D9M3D9M1I25M
325	73	0.223	1.073E-02	41	106	109	1	72	74	6M2D1M3I12M2D18M1I7M3D5M3D13M
404	73	0.320	8.968E-03	41	106	109	1	73	76	8M2I14M2D5M1D12M1D10M5D15M
17	72	0.194	1.633E-02	42	106	109	1	59	60	4M6I13M2D13M2I27M
227	72	0.250	2.339E-02	64	106	109	19	59	60	10M1D2M3I28M
236	72	0.208	1.954E-02	42	106	109	1	59	60	4M6I13M2D14M2I26M
449	72	0.255	1.954E-02	64	106	109	19	59	60	15M2I26M
450	72	0.255	1.840E-02	64	106	109	19	59	60	15M2I26M
452	72	0.255	2.075E-02	64	106	109	19	59	60	15M2I26M
460	72	0.218	1.448E-02	45	106	109	1	59	60	7M3I8M2D16M2I26M
462	72	0.255	1.840E-02	64	106	109	19	59	60	15M2I26M
467	72	0.255	2.799E-02	64	106	109	19	59	60	7M2I34M
468	72	0.255	1.733E-02	64	106	109	19	59	60	15M2I26M
509	72	0.218	1.538E-02	45	106	109	1	59	60	5M3I10M2D16M2I26M
118	72	0.239	7.492E-03	41	106	109	0	65	66	7M3I9M2D1M2D14M1I2M1I14M1D14M
119	72	0.239	1.448E-02	41	106	109	0	65	66	7M3I4M2D7M2D13M1I2M1I15M1D13M
120	72	0.236	4.639E-03	41	106	109	0	65	66	7M3I9M2D1M2D14M3I4M1D13M1D12M
128	72	0.236	5.230E-03	41	106	109	0	65	66	7M3I9M2D1M2D14M3I4M1D12M1D13M
329	72	0.210	1.364E-02	41	106	109	1	72	74	6M2D1M3I12M2D18M1I7M6D18M
335	72	0.197	8.968E-03	41	106	109	1	72	74	4M2D3M3I12M2D18M1I7M6D18M
228	71	0.208	1.954E-02	42	106	109	1	59	60	8M6I9M2D14M2I26M
248	71	0.238	1.633E-02	42	105	109	1	57	60	7M2I1M3I5M2D10M1D5M3I8M2I18M
284	71	0.194	3.351E-02	42	106	109	1	59	60	5M6I12M2D6M2I34M
456	71	0.255	2.203E-02	64	106	109	19	59	60	15M2I26M
458	71	0.255	1.954E-02	64	106	109	19	59	60	15M2I26M
499	71	0.255	2.075E-02	64	106	109	19	59	60	15M2I26M
500	71	0.255	1.954E-02	64	106	109	19	59	60	15M2I26M
113	71	0.222	4.926E-03	41	106	109	0	65	66	7M3I9M1I1M5D13M2I18M1D12M
123	71	0.202	4.369E-03	41	103	109	0	62	66	7M3I9M1I1M5D13M1I2M1I15M1D10M
382	71	0.279	1.364E-02	41	106	109	1	64	66	7M3I14M1D10M1I5M1D26M
482	71	0.205	7.492E-03	41	103	109	1	75	82	6M4D1M3I12M2D11M3D8M1D12M5D10M
457	70	0.255	2.203E-02	64	106	109	19	59	60	15M2I26M
511	70	0.194	2.637E-02	42	106	109	1	59	60	3M6I12M2D16M2I26M
96	70	0.218	7.955E-03	43	106	109	2	59	61	16M2I14M4I28M
116	70	0.239	8.968E-03	41	106	109	0	65	66	7M3I9M2D2M2D13M1I2M1I15M1D13M
125	70	0.239	7.955E-03	41	106	109	0	65	66	7M3I9M2D1M2D14M1I2M1I15M1D13M
130	70	0.253	3.156E-02	41	105	109	0	63	66	5M6I11M2D14M3D4M1I15M1D9M
343	70	0.210	1.633E-02	41	106	109	1	72	74	6M2D1M3I12M2D18M1I8M6D17M
483	70	0.237	1.954E-02	41	108	109	1	80	82	6M1D16M2D11M4D20M5D15M
201	69	0.242	6.260E-03	42	105	109	1	57	60	6M3I3M2I4M2D14M4I28M
237	69	0.194	3.156E-02	42	106	109	1	59	60	8M6I7M2D16M2I26M
288	69	0.205	2.799E-02	42	106	109	1	59	60	4M4I3M2I7M2D10M1D4M3I28M
294	69	0.227	1.140E-02	42	106	109	1	59	60	15M4I10M2I2M1I5M1D26M
70	69	0.268	2.339E-02	42	106	109	1	60	62	6M3I13M2D10M2I10M2I19M
77	69	0.231	1.733E-02	42	106	109	1	60	62	6M3I3M2I7M4D12M2I9M2I19M
327	69	0.210	1.840E-02	41	106	109	1	72	74	6M2D1M3I12M2D18M1I7M6D18M
332	69	0.210	1.840E-02	41	106	109	1	72	74	6M2D1M3I12M2D18M1I7M6D18M
477	69	0.256	5.230E-03	41	106	109	1	78	82	6M1D16M3D6M1D5M1D8M1D13M5D12M
478	69	0.223	1.140E-02	41	103	109	1	75	82	8M1D14M2D9M1I6M5D15M5D10M
271	68	0.194	3.777E-02	42	106	109	1	59	60	5M6I11M2D5M1I9M1I27M
292	68	0.205	3.156E-02	42	106	109	1	59	60	4M4I3M1I5M1I2M2D10M3I4M1D28M
463	68	0.255	4.010E-02	64	106	109	19	59	60	7M2I34M
464	68	0.218	2.339E-02	45	106	109	1	59	60	5M3I10M2D16M2I26M
98	68	0.220	1.140E-02	42	106	109	1	59	61	6M3I2M2I7M3D13M4I28M
103	68	0.253	1.954E-02	42	105	109	1	58	61	6M3I2M2I5M2D3M1D11M2I10M2I18M
84	68	0.268	2.203E-02	42	106	109	1	60	62	6M3I13M2D10M2I10M2I19M
168	68	0.235	1.538E-02	43	106	109	2	66	68	5M3I12M2D10M1D9M1D25M
480	68	0.225	5.896E-03	41	108	109	1	80	82	6M1D16M3D19M3D13M5D14M
484	68	0.240	1.140E-02	41	103	109	1	75	82	6M1D16M2D11M3D8M1D12M5D10M
223	67	0.208	2.972E-02	42	106	109	1	59	60	8M6I9M2D14M2I26M
239	67	0.235	1.140E-02	42	106	109	1	58	60	4M5I9M2D10M1D6M3I7M2I19M
289	67	0.223	2.972E-02	42	106	109	1	59	60	4M5I13M1D8M3I8M1D24M
451	67	0.196	1.954E-02	42	106	109	1	59	60	15M5I2M1D15M2I26M
502	67	0.255	2.799E-02	64	106	109	19	59	60	15M2I26M
111	67	0.222	1.140E-02	41	106	109	0	65	66	7M3I9M1I1M5D13M2I18M1D12M
341	67	0.223	2.075E-02	41	106	109	1	72	74	6M2D1M3I12M2D18M1I7M3D5M3D13M
488	67	0.223	1.538E-02	41	103	109	1	75	82	6M1D16M2D9M5D3M1I16M5D12M
225	66	0.208	3.558E-02	42	106	109	1	59	60	4M6I13M2D14M2I26M
290	66	0.215	1.733E-02	42	106	109	1	59	60	15M4I10M2I34M
514	66	0.272	2.339E-02	64	106	109	19	59	60	8M1D7M3I25M
101	66	0.217	1.140E-02	42	106	109	1	59	61	6M3I3M2I4M1I1M4D13M4I28M
114	66	0.242	1.733E-02	41	106	109	0	65	66	11M1I8M2D14M3I4M1D13M1D12M
337	66	0.223	2.075E-02	41	106	109	1	72	74	6M2D1M3I12M2D18M1I7M3D4M3D14M
224	65	0.205	4.010E-02	42	106	109	1	59	60	4M6I13M2D9M1D2M3I28M
232	65	0.255	3.558E-02	64	106	109	19	59	60	15M2I26M
466	65	0.218	3.558E-02	45	106	109	1	59	60	5M3I10M2D8M2I34M
69	65	0.246	1.733E-02	42	106	109	1	60	62	6M4I2M1I5M2D5M2D9M2I10M2I19M
138	65	0.311	9.521E-03	64	106	109	18	62	66	13M1D5M1D25M
140	65	0.311	1.140E-02	64	106	109	18	62	66	13M1D5M1D25M
148	65	0.311	1.285E-02	64	106	109	18	62	66	13M1D5M1D25M
164	65	0.228	2.483E-02	41	106	109	0	66	68	7M3I12M2D10M1D9M1D25M
475	65	0.213	1.210E-02	41	103	109	1	75	82	8M1D13M3D17M3D15M5D10M
476	65	0.240	1.073E-02	41	103	109	1	75	82	6M1D15M3D7M1D6M1D7M1D12M5D10M
491	65	0.226	1.733E-02	41	103	109	1	75	82	8M1D14M2D11M4D20M5D10M
230	64	0.208	4.010E-02	42	106	109	1	59	60	4M6I13M2D14M2I26M
266	64	0.241	7.955E-03	51	105	109	7	58	61	3M2I4M2D4M1D11M4I27M
374	64	0.260	1.538E-02	40	106	109	1	64	66	6M4I15M1D10M1I5M1D26M
377	64	0.276	1.011E-02	44	106	109	1	64	66	21M1D6M1I9M1D26M
334	64	0.210	3.156E-02	41	106	109	1	72	74	6M2D1M3I12M2D18M1I7M6D18M
344	64	0.223	2.799E-02	41	106	109	1	72	74	6M2D1M3I12M2D18M1I7M3D5M3D13M
235	63	0.205	2.483E-02	42	106	109	1	59	60	8M6I9M2D9M1D7M3I23M
242	63	0.218	1.538E-02	42	105	109	1	57	60	6M3I33M4I18M
297	63	0.227	2.339E-02	42	106	109	1	59	60	17M4I9M3I6M1D26M
504	63	0.250	4.521E-02	64	106	109	19	59	60	7M1D5M3I28M
122	63	0.236	1.210E-02	41	106	109	0	65	66	7M3I9M2D1M2D14M3I4M1D13M1D12M
145	63	0.292	2.075E-02	64	102	109	18	58	66	13M1D5M1D21M
159	63	0.228	1.840E-02	41	106	109	0	66	68	7M3I12M2D8M1D11M1D25M
486	63	0.226	1.633E-02	41	103	109	1	75	82	9M1D13M2D9M2D10M2D12M5D10M
487	63	0.237	2.637E-02	41	108	109	1	80	82	6M1D16M2D9M3D10M1D12M5D15M
493	63	0.243	1.633E-02	41	106	109	1	78	82	6M1D15M3D13M2D7M1D12M5D13M
494	63	0.250	2.799E-02	41	108	109	1	80	82	6M1D16M2D11M3D8M1D10M5D17M
278	62	0.194	4.258E-02	42	106	109	1	59	60	4M5I4M1I9M2D14M2I26M
453	62	0.232	2.972E-02	64	106	109	19	59	60	18M2I23M
501	62	0.272	3.351E-02	64	106	109	19	59	60	7M1D8M3I25M
68	62	0.231	3.558E-02	42	106	109	1	60	62	6M3I2M2I8M4D11M2I10M2I19M
152	62	0.311	1.954E-02	64	106	109	18	62	66	13M1D5M1D25M
161	62	0.191	2.799E-02	41	104	109	0	64	68	7M3I12M2D9M2D33M
295	61	0.227	2.637E-02	42	106	109	1	59	60	15M4I10M2I2M1I5M1D26M
83	61	0.246	2.339E-02	42	106	109	1	60	62	6M4I2M1I5M2D5M2D9M2I10M2I19M
144	61	0.313	1.073E-02	60	106	109	12	62	66	4M2D13M1D5M1D25M
151	61	0.311	2.203E-02	64	106	109	18	62	66	13M1D5M1D25M
369	61	0.287	1.733E-02	44	106	109	1	64	66	21M2D3M1I6M1I5M1D26M
340	61	0.210	4.010E-02	41	106	109	1	72	74	6M2D1M3I12M2D18M1I7M6D18M
220	60	0.208	5.745E-02	42	106	109	1	59	60	8M6I9M2D14M2I26M
221	60	0.205	6.477E-02	42	106	109	1	59	60	8M6I9M2D9M1D2M3I28M
231	60	0.205	6.477E-02	42	106	109	1	59	60	8M6I9M2D9M1D2M3I28M
233	60	0.240	5.411E-02	56	106	109	9	59	60	9M2D9M1D2M3I28M
275	60	0.227	7.301E-02	64	106	109	19	59	60	8M3I5M1D27M
286	60	0.191	5.097E-02	42	106	109	1	59	60	4M5I5M1I8M2D6M3I7M1D26M
23	60	0.214	1.448E-02	42	106	109	1	60	62	6M3I3M2I5M5D10M1I3M2I9M2I19M
154	60	0.311	1.954E-02	64	106	109	18	62	66	13M1D5M1D25M
338	60	0.186	2.339E-02	40	106	109	2	72	74	8M3I12M2D18M1I7M6D18M
492	60	0.230	1.840E-02	41	106	109	1	78	82	8M1D14M3D8M3D23M5D13M
363	59	0.235	5.097E-02	41	106	109	0	55	57	4M3I2M5I8M2D17M1I8M1I6M2I9M
226	59	0.208	5.097E-02	42	106	109	1	59	60	2M6I15M2D14M2I26M
276	59	0.203	4.521E-02	45	106	109	1	59	60	4M2I4M1I7M2D9M2I33M
72	59	0.268	5.745E-02	42	106	109	1	60	62	6M3I14M2D9M2I10M2I19M
158	59	0.220	2.799E-02	43	106	109	2	66	68	5M3I10M1D8M1D8M1D5M1D25M
281	58	0.250	5.745E-02	64	106	109	19	59	60	5M1D4M2I4M1I27M
507	58	0.250	3.351E-02	64	106	109	19	59	60	7M1D10M3I23M
124	58	0.222	2.637E-02	41	106	109	0	65	66	7M3I9M1I1M5D13M1I2M1I16M1D12M
134	58	0.317	3.558E-02	64	102	109	18	58	66	12M2D27M
155	58	0.312	2.075E-02	64	106	109	18	62	66	13M5D2M3I25M
365	58	0.275	1.733E-02	40	106	109	3	64	66	6M6I13M1D10M1I5M1D26M
22	57	0.244	5.097E-02	62	106	109	17	59	60	12M2I31M
296	57	0.257	3.351E-02	42	106	109	1	59	60	15M4I11M3I8M1D24M
117	57	0.236	1.633E-02	41	106	109	0	65	66	7M3I9M2D1M2D14M3I4M1D8M1D17M
143	57	0.272	2.483E-02	64	102	109	18	58	66	9M5D6M3I21M
153	57	0.292	2.799E-02	64	102	109	18	58	66	13M1D5M1D21M
156	57	0.242	4.521E-02	41	106	109	0	66	68	7M3I14M2D5M1D12M1D25M
174	57	0.228	3.558E-02	41	106	109	0	66	68	6M3I13M2D10M1D9M1D25M
402	57	0.253	3.351E-02	41	105	109	1	72	76	9M2I11M3D12M1I2M2D13M5D15M
350	56	0.260	7.301E-02	41	106	109	0	55	57	6M8I8M2D7M1D5M1I3M1I13M1I2M2I9M
238	56	0.250	1.046E-01	64	106	109	19	59	60	10M1D2M3I28M
270	56	0.250	7.752E-02	64	106	109	19	59	60	7M3I8M1D25M
287	56	0.227	3.777E-02	42	106	109	1	59	60	15M4I10M2I2M1I5M1D26M
67	56	0.285	5.097E-02	45	105	109	1	59	62	19M2D11M1I2M1I7M2I18M
81	56	0.260	5.745E-02	42	106	109	1	60	62	6M3I3M2I4M2D4M2D10M2I10M2I19M
110	56	0.219	2.483E-02	41	106	109	0	65	66	7M3I9M1I1M5D13M3I4M1D13M1D12M
136	56	0.292	2.972E-02	64	102	109	18	58	66	15M1D3M1D21M
262	56	0.400	4.521E-02	64	106	109	19	63	73	12M2D31M
133	55	0.311	4.010E-02	64	106	109	18	62	66	13M1D5M1D25M
82	54	0.231	7.301E-02	42	106	109	1	60	62	7M5I6M2D5M2D9M2I10M2I19M
135	54	0.314	2.799E-02	60	106	109	12	62	66	4M2D13M5D2M3I25M
150	54	0.300	2.637E-02	60	102	109	12	58	66	4M2D13M5D2M3I21M
73	53	0.235	5.411E-02	42	106	109	1	60	62	6M3I11M3D9M2I8M1I4M2I19M
126	53	0.222	4.800E-02	41	106	109	0	65	66	7M3I9M1I1M5D13M2I18M1D12M
171	53	0.242	2.637E-02	41	106	109	0	66	68	7M3I21M3D10M1D25M
355	52	0.259	8.231E-02	55	106	109	6	55	57	8M2D17M1I12M1I2M2I9M
293	52	0.304	7.301E-02	62	106	109	17	59	60	10M3I8M1D24M
74	52	0.231	8.231E-02	42	106	109	1	60	62	6M3I3M2I7M4D11M2I10M2I19M
146	52	0.279	8.231E-02	62	102	109	16	58	66	15M1D5M1D21M
163	52	0.232	9.852E-02	41	106	109	0	66	68	7M3I12M2D9M1D10M1D8M3I2M3D12M
229	51	0.230	9.852E-02	45	106	109	1	59	60	5M3I12M2D9M1D2M3I28M
167	51	0.231	3.351E-02	41	105	109	0	65	68	7M3I20M3D11M1D24M
489	51	0.236	8.739E-02	41	103	109	1	75	82	8M1D14M2D11M5D1M1I18M5D10M
430	50	0.149	1.179E-01	41	105	109	0	55	58	4M7I12M2D18M1I11M3I9M
273	50	0.169	9.852E-02	42	106	109	1	59	60	3M2I5M4I51M
78	50	0.275	8.739E-02	42	106	109	1	60	62	6M3I2M2I5M2D4M2D9M1I4M1I7M2I19M
80	50	0.264	9.279E-02	42	106	109	1	60	62	6M3I14M2D3M1D6M2I2M1I7M2I19M
142	50	0.292	7.752E-02	64	102	109	18	58	66	13M1D5M1D21M
147	50	0.250	3.558E-02	64	102	109	18	58	66	9M5D8M3I19M
362	49	0.205	6.877E-02	41	106	109	0	55	57	6M8I19M2D5M1I9M1I6M2I9M
269	49	0.245	1.499E-01	57	106	109	10	59	60	8M2D6M2I3M1I5M1D25M
282	49	0.203	8.739E-02	45	106	109	1	59	60	7M3I10M2D17M2I23M
291	49	0.318	9.279E-02	64	106	109	19	59	60	7M2I2M1I7M1D24M
216	49	0.231	8.231E-02	42	106	109	1	60	62	6M4I2M1I7M4D13M4I28M
139	49	0.311	8.231E-02	64	106	109	18	62	66	13M1D5M1D25M
149	49	0.292	9.279E-02	64	102	109	18	58	66	13M1D5M1D21M
358	48	0.231	4.800E-02	41	106	109	0	55	57	3M4I3M4I18M3D2M2I12M1I6M2I9M
360	48	0.290	4.800E-02	55	106	109	6	55	57	8M2D5M1D7M1I6M1I6M1I6M2I9M
137	48	0.311	9.279E-02	64	106	109	18	62	66	13M1D5M1D25M
141	47	0.292	9.279E-02	64	102	109	18	58	66	13M1D5M1D21M
170	47	0.212	9.279E-02	43	104	109	2	64	68	5M3I12M2D9M1D10M1D23M
347	46	0.264	5.411E-02	55	106	109	6	55	57	22M1D12M1I6M2I9M
267	46	0.188	2.147E-01	42	106	109	1	59	60	3M1I2M4I4M1I6M2D6M1I8M2D1M3I25M
274	46	0.171	1.046E-01	42	106	109	1	59	60	2M8I8M2D3M2D9M1D9M3I23M
71	46	0.219	5.097E-02	40	106	109	1	60	62	6M5I2M2I5M1I1M4D2M1D4M1D3M1I2M2I10M2I19M
357	45	0.226	5.411E-02	55	106	109	6	55	57	27M1D7M1I6M2I9M
364	45	0.246	9.279E-02	41	106	109	0	55	57	4M3I2M5I18M3D2M2I16M1I2M2I9M
431	45	0.134	2.570E-01	41	105	109	0	55	58	4M7I10M2D20M1I10M3I10M
157	45	0.242	9.852E-02	41	106	109	0	66	68	7M3I20M3D10M1D26M
165	45	0.225	7.301E-02	41	105	109	0	65	68	6M3I21M5D3M2I4M1D26M
173	45	0.217	1.329E-01	41	105	109	0	65	68	6M3I13M2D10M1D9M1D24M
354	44	0.290	4.010E-02	55	106	109	6	55	57	16M3D4M2I12M1I6M2I9M
352	43	0.264	6.100E-02	55	106	109	6	55	57	22M1D12M1I6M2I9M
356	43	0.264	7.301E-02	55	106	109	6	55	57	22M1D12M1I6M2I9M
345	42	0.290	7.301E-02	55	106	109	6	55	57	16M3D4M2I12M1I6M2I9M
349	42	0.259	1.904E-01	55	106	109	6	55	57	8M2D19M1I6M1I6M2I9M
353	42	0.254	6.477E-02	55	106	109	6	55	57	16M3D4M1I6M1I10M1I2M2I9M
277	42	0.260	2.570E-01	62	106	109	17	59	60	7M1D10M3I25M
438	41	0.187	7.752E-02	42	105	109	1	48	51	2M2I11M4I10M5I6M5I19M
359	41	0.290	7.752E-02	55	106	109	6	55	57	16M3D4M2I12M1I6M2I9M
348	40	0.232	7.752E-02	55	106	109	6	55	57	18M3D2M1D3M3I8M1I6M2I9M
361	40	0.250	9.852E-02	55	105	109	6	54	57	22M1D12M1I6M2I8M
160	40	0.227	2.420E-01	41	102	109	0	62	68	10M3I11M2D7M2D31M
169	39	0.235	3.075E-01	43	106	109	2	66	68	5M3I12M2D14M1D5M1D25M
439	38	0.169	9.852E-02	41	105	109	0	47	50	3M2I11M5I8M5I7M5I19M
346	38	0.250	9.852E-02	55	106	109	6	55	57	16M3D4M1D3M3I8M1I6M2I9M
166	38	0.242	3.681E-01	41	106	109	0	66	68	12M2I4M1I5M2D7M1D10M1D25M
351	36	0.226	1.591E-01	55	106	109	6	55	57	27M1D7M1I6M2I9M
31	35	0.230	3.075E-01	42	106	109	1	57	59	7M3I16M1I7M3I12M1I15M
29	34	0.220	1.904E-01	42	106	109	1	57	59	6M3I17M1I12M3I6M3D5M4I8M
50	34	0.235	2.897E-01	42	106	109	1	57	59	6M3I17M1I9M3I9M3D4M4I9M
54	33	0.235	3.467E-01	42	106	109	1	57	59	6M3I17M1I9M3I9M3D4M4I9M
42	31	0.200	3.467E-01	42	106	109	1	57	59	6M3I17M2I8M1I15M2I11M
47	31	0.230	4.967E-01	42	106	109	1	57	59	6M3I17M1I9M3I10M1I15M
38	29	0.184	4.967E-01	42	106	109	1	57	59	6M3I17M1I12M4I22M
55	29	0.235	5.274E-01	42	106	109	1	57	59	6M3I17M1I9M3I9M3D5M4I8M
56	29	0.217	3.681E-01	42	106	109	1	57	59	6M3I17M2I2M1D9M3I7M3D4M4I8M
58	29	0.230	4.150E-01	42	106	109	1	57	59	6M3I17M1I11M1I5M1I7M2I11M
37	28	0.235	5.945E-01	42	106	109	1	57	59	6M3I17M1I9M3I9M3D4M4I9M
435	27	0.202	5.599E-01	41	106	109	0	55	57	4M8I17M3D5M1I7M1I11M3I9M
26	27	0.235	7.116E-01	42	106	109	1	57	59	6M3I17M1I9M3I9M3D4M4I9M
44	27	0.200	6.702E-01	42	106	109	1	57	59	6M3I17M1I9M2I14M2I11M
45	27	0.212	5.274E-01	42	106	109	1	57	59	6M3I17M1I12M5I6M1D15M
51	27	0.215	6.312E-01	42	106	109	1	57	59	6M3I17M1I12M3I7M1I15M
53	27	0.215	5.945E-01	42	106	109	1	57	59	6M3I17M1I11M1I5M3I18M
46	26	0.212	6.312E-01	42	106	109	1	57	59	6M3I17M1I13M5I5M1D15M
43	25	0.200	8.021E-01	42	106	109	1	57	59	6M3I17M1I9M2I14M2I11M
59	24	0.246	9.043E-01	45	106	109	1	57	59	23M1I7M3I11M3D4M4I9M
436	22	0.202	1.220E+00	41	106	109	0	55	57	6M8I16M3D4M1I7M1I11M3I9M
48	22	0.200	1.149E+00	42	106	109	1	57	59	6M3I17M1I9M2I14M2I11M
33	21	0.227	1.019E+00	42	106	109	1	57	59	7M3I16M1I13M1I7M1D4M4I9M
34	21	0.164	7.116E-01	42	106	109	1	57	59	3M5I10M2D8M1I9M2I18M2I7M
32	19	0.164	8.517E-01	42	106	109	1	57	59	8M5I5M2D8M1I9M2I18M2I7M
57	19	0.241	1.748E+00	45	106	109	1	57	59	23M1I7M3I12M1I15M
24	17	0.208	2.221E+00	42	106	109	1	57	59	6M3I17M2I2M1D6M3I11M1D6M2I7M
62	14	0.222	2.504E+00	45	106	109	1	57	59	23M1I13M5I5M1D15M
440	7	0.058	5.135E+00	63	99	109	316	366	422	14M4D11M5D7M5D5M
441	7	0.058	5.135E+00	63	99	109	316	366	422	14M4D11M5D7M5D5M
25	6	0.179	8.270E+00	45	106	109	1	57	59	9M2I4M2D8M1I11M7I8M3D12M
 302	542	1.00	8.960E-15	34	110	111	0	76	77	77M
299	386	0.621	1.121E-10	37	110	111	1	74	75	74M
300	376	0.621	3.461E-10	37	110	111	0	73	74	74M
301	376	0.662	2.573E-10	34	110	111	0	74	75	28M2I47M
88	163	0.328	1.909E-05	42	107	111	1	64	74	5M3I5M1I19M4D3M1I5M1I23M
195	155	0.277	7.930E-05	42	110	111	1	65	72	5M5I3M1I19M3D9M1I26M
495	151	0.264	1.820E-04	41	108	111	0	63	65	7M2I6M1I26M1I25M
437	150	0.253	1.715E-04	42	108	111	1	63	65	6M2I5M1I27M1I25M
445	148	0.287	9.475E-05	42	107	111	1	59	62	6M3I29M2I5M2I19M
410	148	0.257	1.005E-04	42	108	111	1	64	66	8M5I5M2D23M1I10M1D15M
379	147	0.294	7.473E-05	41	108	111	1	64	66	11M3I27M1I26M
444	145	0.287	1.201E-04	42	107	111	1	59	62	6M3I29M2I5M2I19M
89	145	0.318	8.415E-05	42	107	111	1	64	74	5M3I5M1I20M2D3M1D5M1I23M
218	144	0.287	1.435E-04	42	107	111	1	59	62	6M3I29M2I5M2I19M
304	144	0.250	1.523E-04	41	108	111	0	63	65	9M2I3M1I27M1I25M
303	143	0.264	1.353E-04	42	108	111	1	63	65	8M2I3M1I17M1D5M1I4M1I25M
380	143	0.294	1.005E-04	41	108	111	1	64	66	11M3I27M1I26M
217	142	0.287	1.616E-04	42	107	111	1	59	62	6M3I29M2I5M2I19M
411	142	0.242	1.005E-04	41	107	111	0	63	66	9M5I5M2D22M1I10M1D15M
419	141	0.319	1.931E-04	41	108	111	0	63	64	5M4I4M2I20M4D2M1I5M1I24M
371	141	0.304	8.415E-05	41	108	111	1	64	66	11M3I17M2I9M1D26M
420	140	0.297	9.475E-05	42	110	111	1	65	72	5M8I5M2D16M3D8M1I26M
367	139	0.294	1.715E-04	41	108	111	1	64	66	11M3I27M1I26M
496	138	0.326	3.709E-04	57	108	111	7	57	59	26M1I25M
20	138	0.223	4.990E-04	42	108	111	1	59	60	4M6I24M2I31M
415	138	0.253	3.709E-04	42	108	111	1	60	61	8M5I16M1I8M1I28M
416	138	0.253	3.709E-04	42	108	111	1	60	61	8M5I16M1I8M1I28M
432	138	0.308	8.415E-05	42	107	111	1	62	65	6M5I7M2D12M1I35M
405	137	0.250	9.475E-05	42	107	111	1	61	64	8M5I5M2D22M1I12M1I12M
372	137	0.304	1.435E-04	41	108	111	1	64	66	11M3I21M2I5M1D26M
425	135	0.223	6.327E-04	42	108	111	1	59	60	7M6I18M2I34M
383	135	0.304	1.616E-04	41	108	111	1	64	66	11M3I21M2I5M1D26M
418	135	0.238	3.294E-04	42	107	111	1	63	66	9M2I2M1I27M1I10M1D14M
406	133	0.250	1.275E-04	42	107	111	1	61	64	8M5I5M2D22M1I12M1I12M
417	133	0.238	4.432E-04	42	107	111	1	63	66	6M2I5M1I27M1I10M1D14M
298	131	0.350	2.757E-04	55	108	111	8	62	71	7M1I12M3D9M1I24M
21	130	0.223	3.294E-04	42	108	111	1	59	60	4M3I8M3I13M2I34M
312	130	0.338	8.415E-05	42	107	111	1	62	65	6M3I22M1D5M3I3M1D24M
318	130	0.338	7.473E-05	42	108	111	1	63	65	6M3I26M2I5M1D25M
373	130	0.294	1.931E-04	41	108	111	1	64	66	11M3I14M1I39M
376	130	0.304	2.174E-04	41	108	111	1	64	66	11M3I21M2I5M1D26M
427	129	0.223	5.295E-04	42	108	111	1	59	60	4M6I21M2I34M
434	129	0.294	2.448E-04	42	107	111	1	62	65	6M5I7M2D14M1I33M
368	129	0.304	2.925E-04	41	108	111	1	64	66	11M3I21M2I5M1D26M
469	129	0.338	1.435E-04	42	108	111	1	62	71	4M6I13M1I10M4D2M1I5M1I24M
412	128	0.223	1.017E-03	42	108	111	1	53	54	5M5I19M1I2M8I27M
413	128	0.220	4.990E-04	42	108	111	1	58	59	3M1D1M6I19M1I8M3I26M
86	128	0.223	8.022E-04	42	108	111	1	59	60	4M1I4M5I18M2I33M
198	128	0.257	2.757E-04	42	107	111	1	57	60	6M2I5M1I7M2I15M2I5M2I19M
317	128	0.328	8.415E-05	42	107	111	1	62	65	6M3I26M2I5M1D24M
322	128	0.328	1.005E-04	42	107	111	1	62	65	10M2I1M1I19M2I7M1D24M
381	128	0.304	1.820E-04	41	108	111	1	64	66	11M3I14M1I7M1I5M1D26M
205	127	0.268	1.201E-04	42	108	111	1	58	60	6M4I2M1I25M2I5M2I20M
306	126	0.328	1.067E-04	42	107	111	1	62	65	6M3I24M2I7M1D24M
320	126	0.328	7.930E-05	42	107	111	1	62	65	10M2I1M1I21M2I5M1D24M
366	126	0.294	3.294E-04	41	108	111	1	64	66	11M3I15M1I38M
421	125	0.220	1.145E-03	42	108	111	1	59	60	4M6I21M1D5M3I28M
422	125	0.223	1.145E-03	42	108	111	1	59	60	7M6I18M2I34M
131	125	0.250	1.541E-03	42	108	111	1	61	62	6M5I22M2I6M1D26M
132	125	0.250	1.452E-03	42	108	111	1	61	62	6M5I20M2I8M1D26M
65	125	0.257	4.990E-04	42	109	111	1	64	65	8M5I5M2D22M1I27M
305	125	0.328	9.475E-05	42	107	111	1	62	65	6M3I25M2I6M1D24M
370	125	0.304	2.598E-04	41	108	111	1	64	66	11M3I14M1I7M1I5M1D26M
428	124	0.220	1.145E-03	42	108	111	1	59	60	4M6I21M1D5M3I28M
429	124	0.220	9.585E-04	42	108	111	1	59	60	8M6I17M1D5M3I28M
93	124	0.268	5.619E-04	42	108	111	1	59	61	7M3I11M1I16M2I5M2I20M
79	124	0.253	6.714E-04	42	108	111	1	60	62	7M3I26M1I1M1I6M2I20M
375	124	0.304	2.757E-04	41	108	111	1	64	66	11M3I14M1I7M1I5M1D26M
75	123	0.231	1.616E-04	42	108	111	1	60	62	8M5I5M2D18M1I1M1I6M2I20M
472	123	0.385	2.049E-04	56	108	111	9	62	71	9M1I10M4D2M1I5M1I24M
424	122	0.223	1.452E-03	42	108	111	1	59	60	7M6I18M2I34M
177	122	0.257	5.962E-04	42	107	111	1	58	61	6M3I12M1I16M2I5M2I19M
265	122	0.242	9.032E-04	42	107	111	1	59	62	6M3I27M1I1M1I6M2I19M
63	122	0.275	6.714E-04	41	108	111	0	61	63	7M3I20M1I8M3I9M1D17M
433	122	0.308	3.709E-04	42	107	111	1	62	65	6M5I7M2D12M1I35M
326	122	0.263	2.174E-04	41	108	111	1	72	74	6M2D1M3I32M1I7M6D18M
211	121	0.227	1.201E-04	42	107	111	1	57	60	6M2I5M1I7M2I13M4I26M
213	121	0.223	8.415E-05	42	108	111	1	58	60	8M5I23M4I27M
378	121	0.294	3.936E-04	41	108	111	1	64	66	11M3I14M1I39M
87	120	0.223	1.290E-03	42	108	111	1	59	60	8M6I17M2I34M
199	120	0.242	1.353E-04	42	107	111	1	57	60	9M2I2M1I7M2I13M4I26M
214	120	0.227	5.555E-05	42	107	111	1	57	60	9M5I22M4I26M
313	120	0.318	9.475E-05	42	106	111	1	61	65	6M3I26M2I5M1D23M
323	120	0.338	1.523E-04	42	107	111	1	62	65	6M3I22M1D5M3I3M1D24M
7	119	0.235	9.585E-04	42	108	111	1	59	60	7M6I18M1D5M3I28M
107	119	0.253	7.124E-04	42	108	111	1	59	61	6M2I5M1I7M1I16M2I5M2I20M
308	119	0.323	2.049E-04	42	106	111	1	61	65	6M3I29M1I26M
382	119	0.294	4.703E-04	41	108	111	1	64	66	11M3I14M1I39M
384	119	0.294	4.432E-04	41	108	111	1	64	66	11M3I14M1I39M
16	118	0.238	9.032E-04	42	108	111	1	59	60	8M6I17M2I34M
310	118	0.328	2.049E-04	42	107	111	1	62	65	6M3I24M2I7M1D24M
321	118	0.328	1.275E-04	42	107	111	1	62	65	5M3I26M2I6M1D24M
206	117	0.212	7.473E-05	42	107	111	1	57	60	8M5I23M4I26M
207	117	0.212	1.067E-04	42	107	111	1	57	60	8M5I23M4I26M
106	117	0.268	1.079E-03	42	108	111	1	59	61	6M3I12M1I16M2I5M2I20M
185	117	0.257	8.512E-04	42	107	111	1	58	61	6M3I12M1I16M2I5M2I19M
311	117	0.338	2.049E-04	42	107	111	1	62	65	6M3I22M1D5M3I3M1D24M
331	117	0.263	3.495E-04	41	108	111	1	72	74	6M2D1M3I32M1I7M6D18M
386	117	0.236	6.327E-04	41	108	111	1	73	76	6M1D2M3I22M2D20M5D15M
414	116	0.220	1.145E-03	42	108	111	1	58	59	3M1D1M6I19M1I8M3I26M
202	116	0.223	1.201E-04	42	108	111	1	58	60	8M5I23M4I27M
129	116	0.205	9.585E-04	41	107	111	0	63	66	9M6I19M5D5M3I15M1D10M
336	116	0.263	4.432E-04	41	108	111	1	72	74	6M2D1M3I32M1I7M6D18M
4	115	0.238	1.452E-03	42	108	111	1	59	60	7M6I18M2I34M
13	115	0.238	1.368E-03	42	108	111	1	59	60	8M6I17M2I34M
204	115	0.212	1.132E-04	42	107	111	1	57	60	8M5I23M4I26M
263	115	0.208	1.735E-03	42	108	111	1	59	60	9M6I16M2I34M
272	115	0.246	1.735E-03	42	108	111	1	59	60	5M8I2M2D16M2I34M
181	115	0.257	1.017E-03	42	107	111	1	58	61	6M3I12M1I16M2I5M2I19M
266	115	0.257	1.452E-03	42	107	111	1	58	61	6M3I12M1I16M2I5M2I19M
314	115	0.328	2.448E-04	42	107	111	1	62	65	10M2I1M1I21M2I5M1D24M
315	115	0.338	2.757E-04	42	107	111	1	62	65	10M2I1M1I17M1D5M3I3M1D24M
385	115	0.236	2.448E-04	41	108	111	1	73	76	6M1D10M3I13M2D20M5D16M
481	115	0.212	4.432E-04	41	110	111	1	80	82	8M1D29M3D6M1D12M5D15M
1	114	0.238	1.368E-03	42	108	111	1	59	60	7M6I18M2I34M
11	114	0.238	1.635E-03	42	108	111	1	59	60	4M6I21M2I34M
12	114	0.238	1.368E-03	42	108	111	1	59	60	7M6I18M2I34M
18	114	0.238	1.079E-03	42	108	111	1	59	60	7M6I25M2I27M
208	114	0.227	1.353E-04	42	107	111	1	57	60	9M5I22M4I26M
212	114	0.212	1.353E-04	42	107	111	1	57	60	8M5I23M4I26M
455	114	0.223	1.735E-03	42	108	111	1	59	60	7M6I18M2I34M
316	114	0.304	1.132E-04	40	107	111	1	62	65	8M5I24M2I5M1D24M
319	114	0.338	2.757E-04	42	107	111	1	62	65	10M2I1M1I17M1D5M3I3M1D24M
369	114	0.304	7.124E-04	41	108	111	1	64	66	11M3I15M1I6M1I5M1D26M
374	114	0.304	9.585E-04	41	108	111	1	64	66	11M3I21M2I5M1D26M
330	114	0.263	5.295E-04	41	108	111	1	72	74	6M2D1M3I32M1I7M6D18M
387	114	0.236	3.294E-04	41	108	111	1	73	76	8M1D8M3I15M2D17M5D17M
14	113	0.238	1.368E-03	42	108	111	1	59	60	8M6I17M2I34M
19	113	0.238	1.452E-03	42	108	111	1	59	60	7M6I18M2I34M
197	113	0.223	1.715E-04	42	108	111	1	58	60	8M5I23M4I27M
259	113	0.253	1.541E-03	42	108	111	1	59	60	8M6I21M2I30M
423	113	0.220	2.334E-03	42	108	111	1	59	60	4M1I4M5I17M1D5M3I28M
511	113	0.223	1.635E-03	42	108	111	1	59	60	5M6I20M2I34M
192	113	0.257	1.079E-03	42	107	111	1	58	61	6M3I12M1I16M2I5M2I19M
69	113	0.238	1.079E-03	42	108	111	1	60	62	6M2I5M1I22M1I1M1I6M2I20M
76	113	0.235	8.512E-04	42	108	111	1	60	62	6M2I5M1I22M3I3M1D3M2I20M
264	113	0.242	1.735E-03	42	107	111	1	59	62	6M3I27M1I1M1I6M2I19M
338	113	0.263	6.327E-04	41	108	111	1	72	74	6M2D1M3I32M1I7M6D18M
479	113	0.197	3.936E-04	41	108	111	1	78	82	6M4D2M3I26M3D6M1D12M5D13M
8	112	0.238	1.735E-03	42	108	111	1	59	60	7M6I18M2I34M
10	112	0.235	1.541E-03	42	108	111	1	59	60	7M6I20M1D2M3I29M
85	112	0.220	2.200E-03	42	108	111	1	59	60	8M6I17M1D5M3I28M
261	112	0.253	1.635E-03	42	108	111	1	59	60	9M6I16M2I34M
279	112	0.246	1.635E-03	42	108	111	1	59	60	5M8I2M2D16M2I34M
94	112	0.268	1.452E-03	42	108	111	1	59	61	6M3I12M1I16M2I5M2I20M
100	112	0.268	1.452E-03	42	108	111	1	59	61	7M3I11M1I16M2I6M2I19M
365	112	0.304	8.022E-04	41	108	111	1	64	66	11M3I14M1I7M1I5M1D26M
339	112	0.276	8.022E-04	41	108	111	1	72	74	6M2D1M3I32M1I8M1D4M5D13M
396	112	0.236	8.022E-04	41	108	111	1	73	76	8M1D3M2I1M1I19M2D19M5D15M
398	112	0.280	1.079E-03	41	108	111	1	73	76	8M2I21M1D7M1D15M5D15M
2	111	0.238	1.953E-03	42	108	111	1	59	60	7M6I18M2I34M
5	111	0.235	1.635E-03	42	108	111	1	59	60	7M6I18M1D4M3I29M
15	111	0.238	2.073E-03	42	108	111	1	59	60	7M6I18M2I34M
186	111	0.257	1.145E-03	42	107	111	1	58	61	6M3I12M1I16M2I5M2I19M
190	111	0.257	1.452E-03	42	107	111	1	58	61	6M3I12M1I16M2I5M2I19M
172	111	0.314	6.327E-04	41	108	111	0	66	68	14M3I16M2D35M
333	111	0.263	8.512E-04	41	108	111	1	72	74	6M2D1M3I32M1I8M6D17M
342	111	0.259	5.619E-04	41	108	111	1	72	74	6M2D1M3I23M1D4M1I4M1I7M6D18M
388	111	0.236	8.022E-04	41	108	111	1	73	76	6M1D5M3I19M2D20M5D15M
0	110	0.235	1.953E-03	42	108	111	1	59	60	7M6I20M1D2M3I29M
3	110	0.238	2.200E-03	42	108	111	1	59	60	7M6I18M2I34M
6	110	0.238	1.953E-03	42	108	111	1	59	60	7M6I18M2I34M
500	110	0.220	2.477E-03	42	108	111	1	59	60	7M6I18M1D5M3I28M
407	110	0.285	1.017E-03	41	107	111	0	62	65	7M5I7M2D17M1I5M1I14M1D10M
393	110	0.240	1.017E-03	41	108	111	1	73	76	8M2I22M2D21M5D15M
196	109	0.212	1.931E-04	42	107	111	1	57	60	8M5I23M4I26M
260	109	0.253	2.334E-03	42	108	111	1	59	60	9M6I16M2I34M
506	109	0.223	2.628E-03	42	108	111	1	59	60	5M6I21M2I33M
92	109	0.238	7.560E-04	42	108	111	1	59	61	6M3I12M1I14M4I27M
108	109	0.257	1.635E-03	43	108	111	2	59	61	5M2I5M1I7M1I16M2I5M2I20M
187	109	0.227	5.295E-04	42	107	111	1	58	61	6M3I12M1I14M4I26M
325	109	0.263	9.032E-04	41	108	111	1	72	74	6M2D1M3I32M1I7M6D18M
328	109	0.263	9.032E-04	41	108	111	1	72	74	6M2D1M3I32M1I7M6D18M
332	109	0.263	8.512E-04	41	108	111	1	72	74	6M2D1M3I32M1I7M6D18M
343	109	0.263	9.585E-04	41	108	111	1	72	74	6M2D1M3I32M1I8M6D17M
392	109	0.240	1.290E-03	41	108	111	1	73	76	9M2I22M2D19M5D16M
203	108	0.227	1.931E-04	42	107	111	1	57	60	9M5I22M4I26M
244	108	0.194	4.176E-04	42	107	111	1	57	60	8M5I18M2I3M1I4M1D4M2I19M
465	108	0.223	2.959E-03	42	108	111	1	59	60	7M6I18M2I34M
176	108	0.257	1.953E-03	42	107	111	1	58	61	6M3I12M1I16M2I5M2I19M
408	108	0.308	3.140E-03	41	107	111	0	62	65	10M2I2M1I21M1I5M1I14M1D10M
327	108	0.263	9.585E-04	41	108	111	1	72	74	6M2D1M3I32M1I7M6D18M
9	107	0.238	2.334E-03	42	108	111	1	59	60	7M6I18M2I34M
210	107	0.227	1.820E-04	42	107	111	1	57	60	6M4I2M1I23M4I26M
215	107	0.227	1.523E-04	42	107	111	1	57	60	6M4I2M1I23M4I26M
294	107	0.223	1.452E-03	42	108	111	1	59	60	7M6I18M2I34M
426	107	0.223	8.022E-04	42	108	111	1	59	60	4M3I8M3I20M2I27M
505	107	0.223	1.953E-03	42	108	111	1	59	60	7M6I25M2I27M
180	107	0.257	2.200E-03	42	107	111	1	58	61	6M3I12M1I16M2I5M2I19M
183	107	0.257	2.200E-03	42	107	111	1	58	61	6M3I12M1I16M2I5M2I19M
209	106	0.212	2.925E-04	42	107	111	1	57	60	8M5I23M4I26M
499	106	0.223	2.789E-03	42	108	111	1	59	60	5M6I27M2I27M
97	106	0.253	2.477E-03	42	108	111	1	59	61	6M2I5M1I7M1I16M2I5M2I20M
105	106	0.235	5.962E-04	42	108	111	1	59	61	6M5I11M1D16M2I5M2I20M
162	106	0.318	6.714E-04	43	108	111	2	66	68	12M3I16M2D4M1D5M1I25M
337	106	0.276	1.145E-03	41	108	111	1	72	74	6M2D1M3I32M1I8M1D3M5D14M
17	105	0.238	2.628E-03	42	108	111	1	59	60	7M6I18M2I34M
250	105	0.220	8.512E-04	42	108	111	1	58	60	8M5I17M1D6M3I6M2I20M
290	105	0.223	1.953E-03	42	108	111	1	59	60	4M6I21M2I34M
66	105	0.231	1.635E-03	41	108	111	0	59	61	9M5I22M2I9M2I16M1D3M
178	105	0.223	7.560E-04	42	107	111	1	58	61	6M5I7M1D20M2I5M2I19M
473	105	0.357	7.124E-04	57	107	111	9	60	65	5M2I3M1D9M4D2M1I5M1I23M
156	105	0.314	4.990E-04	41	108	111	0	66	68	16M3I14M2D35M
389	105	0.240	1.841E-03	41	108	111	1	73	76	9M2I23M2D18M5D16M
401	105	0.240	2.200E-03	41	108	111	1	73	76	8M2I24M2D19M5D15M
448	104	0.253	3.332E-03	41	107	111	0	54	57	9M3I9M2I7M1I4M4I7M2I19M
513	104	0.223	2.789E-03	42	108	111	1	59	60	7M6I25M2I27M
515	104	0.223	2.477E-03	42	108	111	1	59	60	7M6I25M2I27M
68	104	0.235	2.477E-03	42	108	111	1	60	62	3M1D5M3I2M1I22M1I1M1I6M2I20M
84	104	0.238	1.017E-03	42	108	111	1	60	62	15M3I18M1I1M1I6M2I20M
377	104	0.304	1.215E-03	41	108	111	1	64	66	11M3I14M1I3M1I9M1D26M
334	104	0.263	1.368E-03	41	108	111	1	72	74	6M2D1M3I32M1I7M6D18M
340	104	0.263	1.452E-03	41	108	111	1	72	74	6M2D1M3I32M1I7M6D18M
184	103	0.257	2.959E-03	42	107	111	1	58	61	6M3I12M1I16M2I5M2I19M
309	103	0.314	3.294E-04	40	107	111	1	62	65	8M5I24M1D1M3I3M1D24M
168	103	0.294	1.079E-03	43	108	111	2	66	68	5M3I23M2D35M
329	103	0.263	1.735E-03	41	108	111	1	72	74	6M2D1M3I32M1I7M6D18M
283	102	0.253	6.032E-03	42	108	111	1	59	60	5M6I20M2I34M
459	102	0.223	4.483E-03	42	108	111	1	59	60	4M6I28M2I27M
467	102	0.223	4.483E-03	42	108	111	1	59	60	4M6I21M2I34M
510	102	0.259	2.477E-03	55	108	111	8	59	60	25M2I27M
307	102	0.304	2.598E-04	40	107	111	1	62	65	8M5I24M2I5M1D24M
344	102	0.263	1.841E-03	41	108	111	1	72	74	6M2D1M3I32M1I7M6D18M
258	101	0.212	8.022E-04	42	107	111	1	57	60	8M5I17M1I7M1I6M2I19M
452	101	0.223	5.684E-03	42	108	111	1	59	60	4M6I21M2I34M
461	101	0.223	4.757E-03	42	108	111	1	59	60	4M6I21M2I34M
498	101	0.220	3.752E-03	42	108	111	1	59	60	7M6I19M1D4M3I28M
508	101	0.259	2.959E-03	55	108	111	8	59	60	25M2I27M
512	101	0.223	5.048E-03	42	108	111	1	59	60	7M6I19M2I33M
182	101	0.223	1.079E-03	42	107	111	1	58	61	6M5I11M1D16M2I5M2I19M
409	101	0.327	9.585E-04	55	107	111	9	59	62	5M2D20M2I5M2I19M
470	101	0.357	1.079E-03	57	107	111	9	60	65	5M2I3M1D9M4D2M1I5M1I23M
236	100	0.220	4.225E-03	42	108	111	1	59	60	8M6I20M1D2M3I28M
254	100	0.250	1.953E-03	42	108	111	1	58	60	6M3I11M2I7M1D7M3I6M2I20M
460	100	0.259	3.332E-03	55	108	111	8	59	60	18M2I34M
463	100	0.223	6.032E-03	42	108	111	1	59	60	4M6I21M2I34M
468	100	0.223	5.357E-03	42	108	111	1	59	60	4M6I21M2I34M
103	100	0.238	2.789E-03	42	107	111	1	58	61	5M1D1M3I4M1I7M1I16M2I5M2I19M
70	100	0.253	3.332E-03	42	108	111	1	60	62	6M3I27M1I1M1I6M2I20M
83	100	0.235	2.477E-03	42	108	111	1	60	62	6M2I5M1I22M3I3M1D3M2I20M
335	100	0.233	6.714E-04	38	108	111	0	72	74	10M3I32M1I7M6D18M
490	100	0.209	2.073E-03	41	110	111	1	80	82	8M1D25M5D6M1I15M5D15M
200	99	0.212	4.990E-04	42	107	111	1	57	60	8M5I23M4I26M
201	99	0.212	3.495E-04	42	107	111	1	57	60	6M5I25M4I26M
268	99	0.268	5.684E-03	42	108	111	1	59	60	6M5I3M1I16M2I34M
285	99	0.246	5.684E-03	42	108	111	1	59	60	5M8I2M2D16M2I34M
503	99	0.223	4.483E-03	42	108	111	1	59	60	7M6I25M2I27M
98	99	0.223	1.735E-03	42	108	111	1	59	61	6M2I5M1I7M1I14M4I27M
341	99	0.263	2.200E-03	41	108	111	1	72	74	6M2D1M3I32M1I7M6D18M
399	99	0.240	3.140E-03	41	108	111	1	73	76	8M2I24M2D17M5D17M
222	98	0.220	5.684E-03	42	108	111	1	59	60	8M6I20M1D2M3I28M
497	98	0.223	4.757E-03	42	108	111	1	59	60	7M6I25M2I27M
77	98	0.238	3.536E-03	42	108	111	1	60	62	6M2I5M1I24M2I5M2I20M
324	98	0.318	9.032E-04	42	106	111	1	61	65	5M3I25M2I7M1D23M
249	97	0.223	1.841E-03	42	108	111	1	58	60	8M5I19M1I5M1I6M2I20M
251	97	0.208	2.200E-03	42	108	111	1	58	60	8M5I18M2I12M2I20M
450	97	0.223	6.400E-03	42	108	111	1	59	60	4M6I28M2I27M
501	97	0.223	5.357E-03	42	108	111	1	59	60	4M6I21M2I34M
504	97	0.223	5.357E-03	42	108	111	1	59	60	7M6I18M2I34M
403	97	0.236	1.079E-03	41	108	111	1	73	76	6M1D10M3I13M2D19M5D17M
240	96	0.205	1.541E-03	42	108	111	1	58	60	6M5I23M1D2M3I6M2I20M
64	96	0.235	2.334E-03	41	107	111	0	58	61	16M3I2M2I13M2I9M2I16M1D2M
102	96	0.242	2.200E-03	42	107	111	1	58	61	15M3I3M1I16M2I5M2I19M
397	96	0.276	1.017E-03	41	108	111	1	73	76	6M1D10M3I15M1D9M1D10M5D15M
447	95	0.253	6.792E-03	41	107	111	0	54	57	9M3I9M2I7M1I4M4I7M2I19M
227	95	0.220	6.792E-03	42	108	111	1	59	60	8M6I20M1D2M3I28M
278	95	0.242	6.032E-03	42	108	111	1	59	60	5M5I4M1I19M3D1M5I27M
451	95	0.223	8.611E-03	42	108	111	1	59	60	4M6I21M2I34M
96	95	0.257	3.536E-03	43	108	111	2	59	61	7M2I7M1I3M1I16M2I5M2I20M
404	95	0.293	2.959E-03	41	108	111	1	73	76	8M2I21M1D12M1D8M5D17M
237	94	0.220	6.400E-03	42	108	111	1	59	60	8M6I20M1D2M3I28M
245	94	0.208	2.073E-03	42	107	111	1	57	60	8M5I17M1D6M3I6M2I19M
252	94	0.212	1.841E-03	42	107	111	1	57	60	8M5I19M1I5M1I6M2I19M
449	94	0.223	9.137E-03	42	108	111	1	59	60	4M6I21M2I34M
458	94	0.223	8.611E-03	42	108	111	1	59	60	4M6I21M2I34M
101	94	0.238	3.140E-03	42	108	111	1	59	61	6M3I12M1I14M4I27M
159	94	0.314	7.560E-04	41	108	111	0	66	68	16M3I13M2D36M
446	93	0.223	3.536E-03	41	107	111	0	54	57	9M3I9M2I9M3I6M4I22M
234	93	0.223	7.207E-03	42	108	111	1	59	60	8M6I24M2I27M
241	93	0.238	1.735E-03	42	107	111	1	57	60	6M3I12M2I7M1D7M3I5M2I19M
295	93	0.223	5.684E-03	42	108	111	1	59	60	4M6I21M2I34M
454	93	0.223	8.611E-03	42	108	111	1	59	60	7M6I18M2I34M
502	93	0.269	5.684E-03	57	108	111	10	59	60	23M2I27M
175	93	0.314	1.841E-03	41	108	111	0	66	68	14M3I16M2D35M
395	93	0.236	1.953E-03	41	108	111	1	73	76	6M1D10M3I14M2D20M5D15M
486	93	0.186	2.073E-03	41	105	111	1	75	82	13M1D20M4D22M5D10M
466	92	0.259	6.792E-03	55	108	111	8	59	60	18M2I34M
109	92	0.227	2.959E-03	42	107	111	1	58	61	6M3I12M1I14M4I26M
193	92	0.257	6.792E-03	42	107	111	1	58	61	6M3I12M1I16M2I5M2I19M
194	92	0.220	1.635E-03	42	107	111	1	58	61	6M5I7M1D18M3I3M1D3M2I19M
82	92	0.235	5.357E-03	42	108	111	1	60	62	8M2I3M1I22M3I3M1D3M2I20M
130	92	0.225	9.137E-03	41	107	111	0	63	66	5M6I23M3D8M1I14M1D10M
164	92	0.314	1.541E-03	41	108	111	0	66	68	16M3I18M1D6M1D25M
391	92	0.236	2.334E-03	41	108	111	1	73	76	6M1D10M3I14M2D19M5D16M
228	91	0.223	7.647E-03	42	108	111	1	59	60	8M6I24M2I27M
256	91	0.220	3.140E-03	42	108	111	1	58	60	8M5I17M1D6M3I6M2I20M
99	91	0.242	5.684E-03	42	107	111	1	58	61	8M2I7M1I3M1I16M2I5M2I19M
189	91	0.223	2.477E-03	42	107	111	1	58	61	6M5I11M1D16M2I5M2I19M
161	91	0.294	1.215E-03	41	106	111	0	64	68	16M3I14M2D33M
477	91	0.205	2.334E-03	41	108	111	1	78	82	6M1D25M1D12M3D12M5D13M
482	91	0.179	1.953E-03	41	105	111	1	75	82	6M4D2M3I21M3D11M1D12M5D10M
488	91	0.197	2.789E-03	41	105	111	1	75	82	9M1D24M5D3M1I18M5D10M
219	90	0.220	1.029E-02	42	108	111	1	59	60	8M6I20M1D2M3I28M
255	90	0.208	2.073E-03	42	108	111	1	58	60	8M5I26M2I4M2I20M
271	90	0.238	1.092E-02	42	108	111	1	59	60	5M6I18M1I9M1I27M
288	90	0.223	1.092E-02	42	108	111	1	59	60	4M6I22M2I33M
453	90	0.208	6.400E-03	42	108	111	1	59	60	7M6I29M2I23M
464	90	0.254	9.137E-03	55	108	111	8	59	60	18M1D5M3I28M
95	90	0.227	3.140E-03	43	108	111	2	59	61	5M2I5M1I7M1I14M4I27M
179	90	0.220	2.073E-03	42	107	111	1	58	61	6M5I11M1D14M3I3M1D3M2I19M
216	90	0.253	4.483E-03	42	108	111	1	60	62	6M2I5M1I22M4I27M
158	90	0.323	1.953E-03	43	108	111	2	66	68	12M3I21M1D5M1D25M
167	90	0.304	2.959E-03	41	107	111	0	65	68	14M3I16M2D34M
476	90	0.200	3.140E-03	41	105	111	1	75	82	9M1D23M2D5M1D6M1D12M5D10M
225	89	0.235	1.029E-02	42	108	111	1	59	60	8M6I17M1D5M3I28M
257	89	0.223	2.789E-03	42	108	111	1	58	60	8M5I19M1I5M1I6M2I20M
270	89	0.260	7.647E-03	42	108	111	1	59	60	2M1D3M6I3M1I16M2I2M1I6M1D25M
509	89	0.250	5.684E-03	45	108	111	1	59	60	4M3I28M2I27M
514	89	0.235	6.792E-03	42	108	111	1	59	60	4M6I22M1D7M3I25M
104	89	0.220	3.536E-03	42	108	111	1	59	61	5M1D3M3I2M1I7M1I14M4I27M
121	89	0.289	4.225E-03	41	108	111	0	65	66	14M1I22M1I1M1I16M1D12M
390	89	0.236	2.959E-03	41	108	111	1	73	76	6M1D10M3I14M2D19M5D16M
284	88	0.253	1.862E-02	42	108	111	1	59	60	5M6I20M2I34M
492	88	0.192	4.225E-03	41	108	111	1	78	82	8M1D25M4D21M5D14M
431	87	0.179	8.115E-03	41	107	111	0	55	58	9M7I27M1I10M3I10M
224	87	0.220	1.029E-02	42	108	111	1	59	60	8M6I20M1D2M3I28M
232	87	0.220	1.092E-02	42	108	111	1	59	60	8M6I20M1D2M3I28M
247	87	0.227	2.789E-03	42	107	111	1	57	60	15M3I3M2I12M1I2M1I6M2I19M
457	87	0.259	1.158E-02	55	108	111	8	59	60	18M2I34M
462	87	0.223	1.229E-02	42	108	111	1	59	60	4M6I28M2I27M
72	87	0.253	9.696E-03	42	108	111	1	60	62	6M3I27M1I1M1I6M2I20M
81	87	0.228	3.536E-03	42	108	111	1	60	62	8M5I5M2D18M3I3M1D3M2I20M
126	87	0.289	3.981E-03	41	108	111	0	65	66	14M1I22M1I1M1I16M1D12M
443	87	0.207	2.334E-03	42	108	111	1	74	82	3M3D5M2I10M1I8M2D21M3D6M2D11M
478	87	0.197	4.225E-03	41	105	111	1	75	82	8M1D25M1I6M5D15M5D10M
438	86	0.242	5.048E-03	42	107	111	1	48	51	2M2I5M6I16M5I2M3I5M2I18M
71	86	0.250	5.684E-03	42	108	111	1	60	62	6M2I5M1I14M1D3M1I4M1I1M1I6M2I20M
115	86	0.267	1.953E-03	41	108	111	0	65	66	7M3I13M2D14M1I1M1I15M1D13M
125	86	0.304	3.752E-03	41	108	111	0	65	66	14M1I22M1I1M1I15M1D13M
166	86	0.314	7.207E-03	41	108	111	0	66	68	14M2I2M1I14M2D35M
475	86	0.184	6.400E-03	41	105	111	1	75	82	6M2D2M1I24M1D7M3D15M5D10M
230	85	0.220	1.384E-02	42	108	111	1	59	60	8M6I20M1D2M3I28M
239	85	0.220	2.628E-03	42	108	111	1	58	60	8M5I17M1D6M3I6M2I20M
281	85	0.242	1.229E-02	42	108	111	1	59	60	5M8I2M2D14M1D7M3I28M
507	85	0.254	1.092E-02	55	108	111	8	59	60	18M1D5M3I28M
516	85	0.223	1.092E-02	42	108	111	1	59	60	3M2I4M4I25M2I27M
280	84	0.281	5.684E-03	45	108	111	1	59	60	12M3I14M2I33M
442	84	0.207	3.536E-03	42	108	111	1	74	81	3M3D5M2I10M1I8M2D21M3D6M2D11M
223	83	0.220	1.755E-02	42	108	111	1	59	60	8M6I20M1D2M3I28M
233	83	0.220	1.755E-02	42	108	111	1	59	60	8M6I20M1D2M3I28M
273	83	0.268	1.976E-02	42	108	111	1	59	60	5M5I4M1I16M2I34M
456	83	0.223	2.097E-02	42	108	111	1	59	60	4M6I28M2I27M
485	83	0.186	9.137E-03	41	105	111	1	75	82	9M1D27M4D19M5D10M
493	83	0.217	7.207E-03	41	108	111	1	78	82	9M1D24M1D3M2D7M1D12M5D13M
231	82	0.220	1.654E-02	42	108	111	1	59	60	8M6I20M1D2M3I28M
243	82	0.212	3.140E-03	42	107	111	1	57	60	6M3I12M2I21M4I18M
246	82	0.253	9.137E-03	42	108	111	1	58	60	6M3I12M2I9M1I5M1I6M2I20M
248	82	0.208	5.684E-03	42	107	111	1	57	60	8M5I17M1D6M3I6M2I19M
292	82	0.227	1.469E-02	43	108	111	2	59	60	5M5I6M1I14M2I33M
480	82	0.217	4.483E-03	41	108	111	1	78	82	6M1D23M1D14M3D12M5D13M
494	82	0.205	7.207E-03	41	108	111	1	78	82	9M1D24M3D10M1D10M5D15M
286	81	0.235	9.696E-03	42	108	111	1	59	60	2M1D5M7I14M1I9M1I28M
296	81	0.253	6.792E-03	43	108	111	2	59	60	7M5I4M1I14M2I2M1I6M1D24M
73	81	0.250	9.137E-03	42	108	111	1	60	62	7M3I26M3I3M1D3M2I20M
78	81	0.231	1.229E-02	42	108	111	1	60	62	3M2D2M4I4M1I22M1I1M1I6M2I20M
112	81	0.295	6.400E-03	41	108	111	0	65	66	10M3I1M2D23M1I1M1I15M1D13M
160	81	0.303	3.332E-03	41	104	111	0	62	68	16M3I14M2D31M
483	81	0.186	7.207E-03	41	105	111	1	75	82	9M1D24M4D22M5D10M
491	81	0.168	6.032E-03	41	105	111	1	75	82	6M3D1M2I24M4D21M5D11M
269	80	0.267	1.755E-02	42	108	111	1	59	60	3M1D2M6I3M1I16M2I5M3I1M3D25M
191	80	0.194	2.477E-03	42	107	111	1	58	61	6M5I9M1D16M4I26M
127	80	0.281	4.225E-03	41	108	111	0	65	66	9M3I7M2D18M1I1M1I15M1D13M
220	79	0.220	2.225E-02	42	108	111	1	59	60	8M6I20M1D2M3I28M
221	79	0.220	2.097E-02	42	108	111	1	59	60	8M6I20M1D2M3I28M
157	79	0.314	9.137E-03	41	108	111	0	66	68	14M3I16M2D35M
484	79	0.200	7.647E-03	41	105	111	1	75	82	9M1D26M3D8M1D12M5D10M
430	78	0.179	1.976E-02	41	107	111	0	55	58	4M7I32M1I10M3I10M
235	78	0.220	2.505E-02	42	108	111	1	59	60	8M6I20M1D2M3I28M
114	78	0.300	6.032E-03	41	108	111	0	65	66	11M1I25M3I3M1D12M1D13M
118	78	0.267	3.981E-03	41	108	111	0	65	66	9M3I12M2D13M1I1M1I15M1D13M
174	78	0.267	8.611E-03	41	108	111	0	66	68	6M3I29M3D4M1I25M
363	77	0.205	1.469E-02	41	108	111	0	55	57	4M3I2M5I27M1I8M1I6M2I9M
253	77	0.194	8.115E-03	42	108	111	1	58	60	8M5I16M1I8M1I4M2I22M
67	77	0.250	9.696E-03	45	107	111	1	59	62	5M1D5M1I22M1I1M1I6M2I19M
111	77	0.289	1.158E-02	41	108	111	0	65	66	13M1I23M1I1M1I16M1D12M
297	76	0.223	1.755E-02	43	108	111	2	59	60	7M5I4M1I14M2I2M1I4M1D26M
74	76	0.235	1.976E-02	42	108	111	1	60	62	6M2I5M1I22M3I3M1D3M2I20M
171	76	0.323	5.048E-03	41	108	111	0	66	68	14M3I13M2D7M1I5M1D25M
394	76	0.240	2.225E-02	41	108	111	1	73	76	9M2I25M2D15M5D17M
402	76	0.229	2.097E-02	41	107	111	1	72	76	9M2I28M2D13M5D15M
439	75	0.246	1.029E-02	43	107	111	2	47	50	1M2I5M7I15M5I2M3I5M2I18M
362	75	0.205	3.796E-02	41	108	111	0	55	57	6M8I26M1I14M3I10M
287	75	0.280	1.229E-02	60	108	111	13	59	60	13M2I3M1I4M1D26M
116	75	0.304	1.304E-02	41	108	111	0	65	66	14M1I22M1I1M1I14M1D14M
173	75	0.275	9.696E-03	41	107	111	0	65	68	6M3I24M2D34M
238	74	0.220	3.577E-02	42	108	111	1	59	60	8M6I20M1D2M3I28M
289	74	0.253	1.976E-02	43	108	111	2	59	60	5M5I6M1I14M2I2M1I6M1D24M
80	74	0.253	2.659E-02	42	108	111	1	60	62	7M3I26M1I1M1I6M2I20M
113	74	0.267	5.048E-03	41	108	111	0	65	66	7M3I14M2D13M1I1M1I15M1D13M
119	74	0.300	1.559E-02	41	108	111	0	65	66	11M2I1M1D23M1I1M1I15M1D13M
487	74	0.200	9.696E-03	41	105	111	1	75	82	13M1D20M3D10M1D12M5D10M
275	73	0.309	2.361E-02	57	108	111	10	59	60	17M2I4M3I1M3D25M
128	73	0.300	1.304E-02	41	108	111	0	65	66	13M1I23M3I3M1D12M1D13M
277	72	0.260	1.229E-02	45	108	111	1	59	60	4M2I5M1I17M2I2M5D2M5I24M
291	72	0.320	1.304E-02	60	108	111	13	59	60	13M2I3M1I6M1D24M
169	72	0.333	1.029E-02	43	108	111	2	66	68	11M3I18M2D3M1I5M1D25M
276	71	0.296	2.505E-02	45	108	111	1	59	60	4M2I5M1I17M2I33M
23	71	0.217	8.115E-03	42	108	111	1	60	62	6M4I2M1I5M2D18M3I4M1I23M
144	71	0.314	4.757E-03	60	110	111	12	64	66	15M3D8M1I27M
165	71	0.304	1.304E-02	41	107	111	0	65	68	16M3I19M1D3M1D26M
170	71	0.298	8.611E-03	43	106	111	2	64	68	12M3I16M2D4M1D5M1I23M
262	71	0.396	1.092E-02	60	110	111	13	65	73	16M2D35M
400	71	0.276	2.505E-02	41	108	111	1	73	76	6M1D5M3I20M1D9M1D9M5D16M
489	71	0.174	1.384E-02	52	105	111	13	75	82	27M4D17M5D10M
349	70	0.222	2.097E-02	55	108	111	6	55	57	29M1I11M3I10M
155	70	0.303	5.048E-03	60	110	111	12	64	66	16M5D5M3I27M
350	69	0.217	2.097E-02	41	108	111	0	55	57	6M5I5M3I12M1D5M1I3M1I13M1I2M2I9M
355	69	0.226	2.505E-02	56	108	111	7	55	57	26M1I12M1I2M2I9M
229	69	0.220	5.107E-02	42	108	111	1	59	60	8M6I20M1D2M3I28M
138	69	0.314	5.684E-03	60	110	111	12	64	66	15M3D8M1I27M
140	69	0.309	4.483E-03	60	110	111	12	64	66	15M3D5M2I2M1D27M
151	69	0.314	9.137E-03	60	110	111	12	64	66	15M3D8M1I27M
226	68	0.223	4.812E-02	42	108	111	1	59	60	8M6I24M2I27M
143	68	0.303	6.400E-03	60	110	111	12	64	66	15M5D6M3I27M
163	68	0.323	2.097E-02	41	108	111	0	66	68	16M3I14M2D4M1I5M1D25M
242	67	0.194	1.384E-02	42	107	111	1	57	60	6M5I24M3I3M1D4M2I19M
188	67	0.257	5.048E-03	45	107	111	1	58	61	3M7I8M6D15M3I3M1D3M2I19M
110	67	0.300	2.505E-02	41	108	111	0	65	66	13M1I23M3I3M1D12M1D13M
120	67	0.263	6.792E-03	41	108	111	0	65	66	9M3I11M1D3M1D11M3I3M1D9M1D16M
22	66	0.294	3.577E-02	58	108	111	11	59	60	18M2I31M
133	65	0.320	1.559E-02	60	110	111	12	64	66	19M1D5M1D27M
148	65	0.313	8.611E-03	65	110	111	17	64	66	11M4D2M3I3M1D27M
152	64	0.309	1.092E-02	60	110	111	12	64	66	15M3D5M2I2M1D27M
154	63	0.320	1.559E-02	60	110	111	12	64	66	19M1D5M1D27M
267	62	0.309	6.870E-02	57	108	111	10	59	60	16M2I5M3I1M3D25M
274	62	0.261	2.097E-02	45	108	111	1	59	60	12M3I14M1D9M3I23M
293	62	0.285	3.577E-02	54	108	111	8	59	60	5M1I14M2I2M1I6M1D24M
353	61	0.254	3.371E-02	56	108	111	7	55	57	16M1D5M1D3M3I12M1I2M2I9M
134	60	0.339	2.361E-02	60	110	111	12	64	66	16M2D35M
145	59	0.314	2.994E-02	60	110	111	12	64	66	15M3D8M1I27M
346	58	0.222	6.870E-02	55	108	111	6	55	57	27M1I8M1I6M2I9M
124	57	0.267	3.577E-02	41	108	111	0	65	66	7M3I13M2D14M1I1M1I15M1D13M
135	57	0.303	2.821E-02	60	110	111	12	64	66	16M5D5M3I27M
358	56	0.250	3.371E-02	56	108	111	7	55	57	13M2I5M3D1M2I12M1I6M2I9M
282	56	0.276	4.274E-02	45	108	111	1	59	60	12M3I11M1D12M3I23M
123	56	0.264	3.371E-02	41	105	111	0	62	66	7M3I9M2D18M1I1M1I15M1D10M
147	56	0.285	1.654E-02	60	110	111	12	64	66	15M5D8M3I25M
361	55	0.240	3.796E-02	56	107	111	7	54	57	14M3I6M2D12M1I6M2I8M
364	55	0.250	4.535E-02	56	108	111	7	55	57	13M2I5M3D1M2I16M1I2M2I9M
435	55	0.202	1.104E-01	41	108	111	0	55	57	6M8I17M1D5M1I7M1I11M3I9M
150	55	0.303	2.821E-02	60	110	111	12	64	66	16M5D5M3I27M
360	54	0.259	5.419E-02	56	108	111	7	55	57	14M1D7M1I6M1I6M1I6M2I9M
352	53	0.240	7.736E-02	56	108	111	7	55	57	13M2I8M1D17M3I10M
354	53	0.240	7.290E-02	56	108	111	7	55	57	13M2I8M1D17M3I10M
136	53	0.294	2.821E-02	65	110	111	17	64	66	10M5D6M3I27M
141	53	0.321	2.659E-02	60	110	111	12	64	66	15M4D3M3I3M1D27M
146	53	0.309	4.028E-02	60	110	111	12	64	66	15M3D5M2I2M1D27M
347	52	0.240	6.474E-02	56	108	111	7	55	57	13M2I8M1D12M1I6M2I9M
356	52	0.245	8.209E-02	56	108	111	7	55	57	14M1I20M1I6M2I9M
122	52	0.277	5.419E-02	41	108	111	0	65	66	7M3I9M2D18M3I3M1D12M1D13M
348	51	0.240	9.808E-02	56	108	111	7	55	57	13M2I8M1D17M3I10M
357	51	0.222	6.870E-02	56	108	111	7	55	57	13M2I13M1D7M1I6M2I9M
137	51	0.321	4.812E-02	60	110	111	12	64	66	16M4D2M3I3M1D27M
153	51	0.313	3.796E-02	65	110	111	17	64	66	11M4D2M3I3M1D27M
345	50	0.267	7.736E-02	56	108	111	7	55	57	13M2I2M3D4M2I12M1I6M2I9M
436	50	0.176	1.884E-01	41	108	111	0	55	57	6M8I30M1I11M3I9M
139	50	0.313	4.535E-02	65	110	111	17	64	66	10M4D3M3I3M1D27M
142	50	0.321	5.750E-02	60	110	111	12	64	66	16M4D2M3I3M1D27M
117	47	0.277	7.290E-02	41	108	111	0	65	66	7M3I9M2D18M3I3M1D8M1D17M
149	47	0.295	7.736E-02	55	110	111	7	64	66	20M4D3M3I3M1D27M
359	42	0.269	1.041E-01	60	108	111	11	55	57	9M2I2M3D4M2I12M1I6M2I9M
42	39	0.191	1.884E-01	42	108	111	1	57	59	4M1I8M2I5M2I6M1I12M3I8M1D2M2I11M
34	38	0.149	1.104E-01	42	108	111	1	57	59	8M5I15M1I9M2I14M2I11M
55	36	0.191	3.213E-01	42	108	111	1	57	59	7M3I10M2I6M1I9M3I11M1D2M2I11M
29	35	0.147	2.854E-01	42	108	111	1	57	59	7M3I10M2I6M1I11M5I4M1D18M
45	35	0.191	4.323E-01	42	108	111	1	57	59	6M3I11M2I6M1I7M3I11M1D4M2I11M
51	35	0.179	3.840E-01	42	108	111	1	57	59	7M3I10M2I6M1I9M3I14M1I11M
33	34	0.191	4.074E-01	42	108	111	1	57	59	7M3I10M2I6M1I7M3I13M1D2M2I11M
38	34	0.179	1.244E-01	42	108	111	1	57	59	6M5I17M1I13M1I2M1I8M2I11M
47	34	0.191	4.588E-01	42	108	111	1	57	59	7M3I11M2I5M1I9M3I11M1D2M2I11M
53	34	0.179	4.323E-01	42	108	111	1	57	59	7M3I10M2I6M1I7M3I16M1I11M
46	33	0.179	5.166E-01	42	108	111	1	57	59	7M3I10M2I6M1I7M3I16M1I11M
26	32	0.161	3.213E-01	42	108	111	1	57	59	7M3I10M2I6M1I13M5I6M1D14M
351	31	0.220	4.323E-01	60	108	111	11	55	57	9M2I13M1D7M1I6M2I9M
32	31	0.149	2.121E-01	42	108	111	1	57	59	9M5I14M1I9M2I14M2I11M
36	31	0.179	6.172E-01	42	108	111	1	57	59	7M3I10M2I6M1I9M3I11M1I14M
24	30	0.188	5.481E-01	42	108	111	1	57	59	7M3I11M2I5M2I2M1D6M3I11M1D2M2I11M
40	30	0.179	6.950E-01	42	108	111	1	57	59	7M3I10M2I6M1I7M3I13M1I14M
56	30	0.144	2.854E-01	42	108	111	1	57	59	8M5I15M2I2M1D10M5I6M1D14M
28	28	0.134	6.549E-01	42	108	111	1	57	59	7M3I10M2I6M1I7M4I27M
37	28	0.191	8.812E-01	42	108	111	1	57	59	7M3I10M2I6M1I9M3I11M1D2M2I11M
49	28	0.205	7.375E-01	42	108	111	1	57	59	7M3I10M2I6M2I8M2I11M1D4M2I10M
57	28	0.191	8.812E-01	42	108	111	1	57	59	7M3I11M2I5M1I7M3I13M1D2M2I11M
31	27	0.176	6.172E-01	42	108	111	1	57	59	8M5I15M1I7M3I13M1D2M2I11M
44	27	0.164	8.304E-01	42	108	111	1	57	59	6M3I11M2I6M1I9M2I14M2I11M
58	27	0.164	8.304E-01	42	108	111	1	57	59	7M3I10M2I6M1I9M2I14M2I11M
43	26	0.164	8.304E-01	42	108	111	1	57	59	7M3I10M2I6M1I9M2I14M2I11M
48	26	0.171	8.304E-01	42	108	111	1	57	59	7M3I10M2I6M1I11M5I7M3D2M2I11M
52	26	0.205	1.053E+00	42	108	111	1	57	59	7M3I11M2I5M1I9M3I11M1D3M2I10M
30	22	0.179	8.304E-01	42	108	111	1	57	59	8M5I15M1I9M1I6M1I8M2I11M
54	22	0.161	1.185E+00	42	108	111	1	57	59	6M3I11M2I6M1I13M5I6M1D14M
39	20	0.171	2.022E+00	42	108	111	1	57	59	7M3I10M2I6M1I7M3I7M3D8M4I9M
62	19	0.175	9.350E-01	55	108	111	9	57	59	15M1I11M5I6M3D3M2I11M
25	13	0.164	3.883E+00	42	108	111	1	57	59	8M5I15M1I8M3I12M1I14M
441	5	0.023	5.539E+00	65	102	111	316	350	422	14M4D11M7I6M
440	4	0.023	6.614E+00	65	102	111	316	350	422	14M4D11M7I6M
 408	414	1.00	6.421E-11	21	85	86	0	64	65	65M
407	409	1.00	7.607E-11	21	85	86	0	64	65	65M
264	243	0.421	1.264E-06	22	85	86	1	61	62	40M2I6M1I15M
265	243	0.421	9.527E-07	22	85	86	1	61	62	40M2I6M1I15M
207	239	0.500	5.730E-07	22	85	86	1	59	60	19M2I19M2I7M1I14M
196	230	0.500	1.264E-06	22	85	86	1	59	60	19M2I19M2I7M1I14M
199	229	0.500	1.008E-06	22	85	86	1	59	60	19M2I19M2I7M1I14M
209	227	0.500	1.194E-06	22	85	86	1	59	60	19M2I19M2I7M1I14M
213	227	0.500	1.129E-06	22	85	86	1	59	60	19M2I19M2I7M1I14M
217	227	0.421	3.121E-06	22	85	86	1	61	62	40M2I7M1I14M
218	226	0.421	3.912E-06	22	85	86	1	61	62	40M2I7M1I14M
206	225	0.500	1.584E-06	22	85	86	1	59	60	19M2I19M2I7M1I14M
210	224	0.500	1.194E-06	22	85	86	1	59	60	19M2I19M2I7M1I14M
203	223	0.500	1.264E-06	22	85	86	1	59	60	19M2I19M2I7M1I14M
204	223	0.500	1.676E-06	22	85	86	1	59	60	19M2I19M2I7M1I14M
409	222	0.453	4.904E-06	22	85	86	1	61	62	40M2I7M1I14M
208	221	0.500	1.497E-06	22	85	86	1	59	60	19M2I19M2I7M1I14M
202	220	0.500	1.986E-06	22	85	86	1	59	60	19M2I19M2I7M1I14M
200	219	0.500	2.353E-06	22	85	86	1	59	60	19M2I19M2I7M1I14M
444	218	0.430	2.949E-06	22	85	86	1	61	62	16M1D5M1I18M2I7M1I14M
445	217	0.430	3.697E-06	22	85	86	1	61	62	16M1D5M1I18M2I7M1I14M
201	214	0.500	3.697E-06	22	85	86	1	59	60	19M2I19M2I7M1I14M
214	214	0.500	2.949E-06	22	85	86	1	59	60	19M2I19M2I7M1I14M
211	213	0.500	2.787E-06	22	85	86	1	59	60	19M2I19M2I7M1I14M
215	212	0.500	3.121E-06	22	85	86	1	59	60	19M2I19M2I7M1I14M
197	211	0.500	5.189E-06	22	85	86	1	59	60	19M2I19M2I7M1I14M
212	210	0.500	4.635E-06	22	85	86	1	59	60	19M2I19M2I7M1I14M
75	210	0.406	3.494E-06	22	85	86	1	61	62	40M2I6M1I15M
198	204	0.500	4.380E-06	22	85	86	1	59	60	19M2I19M2I7M1I14M
410	204	0.353	8.628E-06	22	85	86	1	65	66	31M1D33M
205	201	0.500	5.491E-06	22	85	86	1	59	60	19M2I19M2I7M1I14M
182	199	0.453	9.661E-06	22	85	86	1	60	61	21M1I18M2I7M1I14M
266	198	0.421	1.799E-05	22	85	86	1	60	61	21M1I18M2I7M1I14M
100	197	0.421	7.283E-06	22	85	86	1	60	61	21M1I18M2I8M1I13M
104	197	0.437	9.130E-06	22	85	86	1	60	61	21M1I18M2I7M1I14M
178	196	0.453	9.661E-06	22	85	86	1	60	61	21M1I18M2I7M1I14M
109	194	0.437	6.148E-06	22	85	86	1	60	61	21M1I18M2I7M1I14M
79	193	0.406	1.022E-05	22	85	86	1	61	62	40M2I7M1I14M
405	192	0.353	1.211E-05	22	85	86	1	63	64	28M1D17M2I17M
92	191	0.437	1.435E-05	22	85	86	1	60	61	21M1I18M2I7M1I14M
93	191	0.437	1.022E-05	22	85	86	1	60	61	21M1I18M2I7M1I14M
103	191	0.437	1.435E-05	22	85	86	1	60	61	17M1I22M2I7M1I14M
176	190	0.453	1.700E-05	22	85	86	1	60	61	21M1I18M2I7M1I14M
186	190	0.453	1.356E-05	22	85	86	1	60	61	21M1I18M2I7M1I14M
106	189	0.437	1.700E-05	22	85	86	1	60	61	21M1I18M2I7M1I14M
189	189	0.453	1.799E-05	22	85	86	1	60	61	21M1I18M2I7M1I14M
418	189	0.384	1.799E-05	22	85	86	1	65	66	27M1D37M
185	187	0.453	2.014E-05	22	85	86	1	60	61	21M1I18M2I7M1I14M
81	187	0.406	1.799E-05	22	85	86	1	61	62	40M2I6M1I15M
177	186	0.453	2.131E-05	22	85	86	1	60	61	21M1I18M2I7M1I14M
179	186	0.453	1.903E-05	22	85	86	1	60	61	21M1I18M2I7M1I14M
411	186	0.369	2.131E-05	22	85	86	1	65	66	27M1D37M
102	185	0.437	1.799E-05	22	85	86	1	60	61	21M1I18M2I7M1I14M
181	185	0.453	2.131E-05	22	85	86	1	60	61	21M1I18M2I7M1I14M
187	183	0.453	2.386E-05	22	85	86	1	60	61	21M1I18M2I7M1I14M
190	183	0.453	2.524E-05	22	85	86	1	60	61	21M1I18M2I7M1I14M
417	183	0.384	2.671E-05	22	85	86	1	65	66	27M1D37M
95	182	0.437	2.131E-05	22	85	86	1	60	61	21M1I18M2I7M1I14M
180	182	0.453	2.671E-05	22	85	86	1	60	61	21M1I18M2I7M1I14M
76	182	0.406	2.386E-05	22	85	86	1	61	62	40M2I6M1I15M
406	182	0.353	2.524E-05	22	85	86	1	63	64	28M1D17M2I17M
183	181	0.453	2.826E-05	22	85	86	1	60	61	21M1I18M2I7M1I14M
184	180	0.453	2.991E-05	22	85	86	1	60	61	21M1I18M2I7M1I14M
192	180	0.453	3.348E-05	22	85	86	1	60	61	21M1I18M2I7M1I14M
98	179	0.437	3.348E-05	22	85	86	1	60	61	21M1I18M2I7M1I14M
432	179	0.400	1.903E-05	22	85	86	1	64	65	27M1D18M1I18M
437	179	0.369	3.543E-05	22	85	86	1	64	65	28M1D17M1I18M
121	176	0.400	2.255E-05	22	84	86	1	65	66	9M2D54M
101	175	0.437	4.699E-05	22	85	86	1	60	61	21M1I18M2I7M1I14M
191	175	0.453	2.991E-05	22	85	86	1	60	61	21M1I18M2I7M1I14M
123	175	0.393	1.144E-05	21	84	86	0	65	66	10M2D54M
127	174	0.384	2.014E-05	22	84	86	1	65	66	6M2D57M
108	172	0.437	5.891E-05	22	85	86	1	60	61	21M1I18M2I7M1I14M
194	172	0.453	4.699E-05	22	85	86	1	60	61	21M1I18M2I7M1I14M
68	172	0.406	4.699E-05	22	85	86	1	61	62	40M2I7M1I14M
77	172	0.406	4.441E-05	22	85	86	1	61	62	40M2I6M1I15M
495	172	0.353	7.385E-05	22	85	86	1	64	65	31M1D19M1I13M
115	172	0.393	3.164E-05	21	84	86	0	65	66	10M2D54M
188	170	0.453	6.234E-05	22	85	86	1	60	61	21M1I18M2I7M1I14M
67	170	0.406	4.197E-05	22	85	86	1	61	62	40M2I6M1I15M
69	170	0.406	5.891E-05	22	85	86	1	61	62	40M2I6M1I15M
70	170	0.406	3.749E-05	22	85	86	1	61	62	40M2I6M1I15M
72	170	0.390	4.973E-05	22	85	86	1	61	62	40M2I9M1I12M
105	169	0.437	4.441E-05	22	85	86	1	60	61	21M1I18M2I7M1I14M
83	169	0.406	5.568E-05	22	85	86	1	61	62	40M2I6M1I15M
304	169	0.382	3.543E-05	22	85	86	1	64	65	17M1I3M1D8M3D4M2I15M1I13M
82	168	0.406	7.814E-05	22	85	86	1	61	62	40M2I6M1I15M
84	168	0.406	4.973E-05	22	85	86	1	61	62	40M2I6M1I15M
303	168	0.338	5.891E-05	22	85	86	1	64	65	32M1D18M1I13M
312	167	0.276	2.671E-05	22	85	86	1	64	65	32M1D17M1I14M
107	166	0.437	6.979E-05	22	85	86	1	60	61	21M1I18M2I7M1I14M
111	166	0.378	3.967E-05	21	84	86	0	65	66	7M2D57M
94	165	0.437	8.749E-05	22	85	86	1	60	61	21M1I18M2I7M1I14M
193	165	0.453	8.749E-05	22	85	86	1	60	61	21M1I18M2I7M1I14M
97	164	0.421	7.385E-05	22	85	86	1	60	61	21M1I18M2I8M1I13M
71	164	0.415	6.234E-05	22	85	86	1	61	62	17M1I3M1D19M2I6M1I15M
433	164	0.400	4.699E-05	22	85	86	1	64	65	26M1D19M1I18M
119	164	0.393	4.441E-05	21	84	86	0	65	66	12M2D52M
88	164	0.352	9.258E-05	22	85	86	1	66	74	5M1I24M4D20M1I13M
74	162	0.390	9.796E-05	22	85	86	1	61	62	40M2I8M1I13M
434	162	0.409	5.891E-05	22	85	86	1	64	65	17M1I3M1D7M1D17M1I18M
305	161	0.276	3.543E-05	22	85	86	1	64	65	32M1D17M1I14M
65	159	0.338	1.161E-04	22	85	86	1	64	65	28M1D22M1I13M
99	158	0.421	8.749E-05	22	85	86	1	60	61	21M1I18M2I8M1I13M
306	156	0.276	5.891E-05	22	85	86	1	64	65	33M1D16M1I14M
310	156	0.276	5.891E-05	22	85	86	1	64	65	33M1D16M1I14M
320	156	0.276	5.891E-05	22	85	86	1	64	65	32M1D17M1I14M
112	156	0.400	7.814E-05	22	84	86	1	65	66	11M2D52M
371	156	0.303	1.930E-04	21	85	86	1	65	66	30M1D22M1I12M
323	155	0.276	5.568E-05	22	85	86	1	64	65	32M1D17M1I14M
125	155	0.393	6.234E-05	21	84	86	0	65	66	10M2D54M
319	154	0.276	9.258E-05	22	85	86	1	64	65	32M1D17M1I14M
89	154	0.352	1.629E-04	22	85	86	1	66	74	5M1I24M4D19M1I14M
216	153	0.400	3.209E-04	22	85	86	1	61	62	16M1D5M1I18M2I7M1I14M
128	153	0.393	9.258E-05	21	84	86	0	65	66	10M2D54M
96	152	0.444	1.455E-04	23	85	86	2	60	61	20M1I18M2I7M1I14M
316	152	0.276	8.268E-05	22	85	86	1	64	65	31M1D18M1I14M
120	151	0.400	8.268E-05	22	84	86	1	65	66	9M2D54M
315	150	0.276	1.161E-04	22	85	86	1	64	65	32M1D17M1I14M
379	150	0.303	2.419E-04	21	85	86	1	65	66	33M1D19M1I12M
309	149	0.276	1.161E-04	22	85	86	1	64	65	32M1D17M1I14M
311	149	0.276	8.749E-05	22	85	86	1	64	65	32M1D17M1I14M
469	149	0.333	1.375E-04	22	83	86	1	61	71	4M3I10M1I13M4D18M1I12M
415	147	0.365	1.723E-04	22	84	86	1	60	61	4M2I44M1I12M
416	147	0.365	1.723E-04	22	84	86	1	60	61	4M2I44M1I12M
307	147	0.276	9.796E-05	22	85	86	1	64	65	33M1D16M1I14M
322	147	0.276	1.299E-04	22	85	86	1	64	65	28M1D21M1I14M
110	147	0.400	1.539E-04	22	84	86	1	65	66	9M2D54M
419	146	0.352	1.723E-04	22	84	86	1	63	64	4M3I10M1I3M1D10M4D17M1I14M
317	146	0.276	1.228E-04	22	85	86	1	64	65	31M1D18M1I14M
318	146	0.276	1.037E-04	22	85	86	1	64	65	32M1D17M1I14M
314	144	0.276	1.455E-04	22	85	86	1	64	65	31M1D18M1I14M
80	141	0.353	6.979E-05	22	85	86	1	61	62	19M1D7M1I13M2I12M1I9M
118	141	0.393	2.286E-04	21	84	86	0	65	66	10M2D54M
331	141	0.164	2.560E-04	21	85	86	1	73	74	7M2D27M1D13M5D18M
473	140	0.354	1.629E-04	27	84	86	2	61	65	12M1I13M4D18M1I13M
116	140	0.393	2.708E-04	21	84	86	0	65	66	10M2D54M
129	140	0.294	4.022E-04	22	85	86	1	65	66	4M3I23M4D34M
420	140	0.323	1.824E-04	22	85	86	1	64	72	12M3I16M4D18M1I14M
308	139	0.276	2.161E-04	22	85	86	1	64	65	32M1D17M1I14M
470	138	0.354	1.930E-04	27	84	86	2	61	65	12M1I13M4D18M1I13M
195	138	0.338	4.022E-04	22	85	86	1	64	72	4M3I23M4D19M1I14M
113	137	0.393	2.708E-04	21	84	86	0	65	66	10M2D54M
126	137	0.393	3.209E-04	21	84	86	0	65	66	10M2D54M
383	137	0.303	5.974E-04	21	85	86	1	65	66	31M1D21M1I12M
366	136	0.313	5.335E-04	21	85	86	1	65	66	26M1I7M2D18M1I12M
244	134	0.343	4.256E-04	22	85	86	1	59	60	19M2I19M2I7M1I14M
73	134	0.369	1.723E-04	22	85	86	1	61	62	18M1D8M1I13M2I6M1I15M
114	134	0.400	3.395E-04	22	84	86	1	65	66	7M1D5M1D51M
158	134	0.358	3.209E-04	23	85	86	2	67	68	31M4D16M1I15M
367	133	0.298	4.765E-04	21	85	86	1	65	66	25M1I8M2D18M1I12M
373	133	0.298	5.974E-04	21	85	86	1	65	66	25M1I8M2D18M1I12M
376	133	0.313	4.765E-04	21	85	86	1	65	66	26M1I7M2D18M1I12M
252	132	0.343	3.801E-04	22	85	86	1	59	60	19M2I19M2I7M1I14M
313	132	0.276	3.032E-04	22	85	86	1	64	65	32M1D17M1I14M
381	132	0.298	5.042E-04	21	85	86	1	65	66	25M1I7M2D19M1I12M
472	131	0.312	2.419E-04	24	83	86	1	61	71	8M1I6M1I13M4D18M1I12M
78	130	0.353	2.560E-04	22	85	86	1	61	62	16M1D10M1I13M2I9M1I12M
321	130	0.276	3.209E-04	22	85	86	1	64	65	33M1D16M1I14M
124	130	0.400	5.645E-04	22	84	86	1	65	66	9M2D54M
161	130	0.352	2.560E-04	22	85	86	1	67	68	29M4D21M1I13M
298	130	0.318	2.286E-04	24	85	86	1	63	71	8M1I6M1I13M4D18M1I14M
339	130	0.164	6.688E-04	21	85	86	1	73	74	8M2D27M1D14M5D16M
341	130	0.164	7.488E-04	21	85	86	1	73	74	8M2D27M1D14M5D16M
131	129	0.312	3.592E-04	22	84	86	1	61	62	13M2I17M1D17M1I13M
333	129	0.150	3.801E-04	21	85	86	1	73	74	7M2D28M1D10M5D20M
422	128	0.296	9.387E-04	22	84	86	1	59	60	4M3I10M1I3M1D27M1I14M
23	128	0.421	1.177E-03	22	85	86	1	61	62	40M2I6M1I15M
326	128	0.150	4.256E-04	21	85	86	1	73	74	7M2D27M1D11M5D20M
324	127	0.276	7.077E-04	22	85	86	1	64	65	32M1D17M1I14M
380	127	0.308	7.488E-04	21	85	86	1	65	66	18M1I3M1D3M1I7M2D19M1I12M
132	126	0.307	4.503E-04	22	84	86	1	61	62	2M2I13M1I3M1D10M1D19M1I12M
117	126	0.393	5.645E-04	21	84	86	0	65	66	10M2D54M
368	126	0.298	8.384E-04	21	85	86	1	65	66	25M1I8M2D18M1I12M
258	125	0.343	7.488E-04	22	85	86	1	59	60	19M2I19M2I7M1I14M
63	125	0.281	1.652E-03	22	85	86	1	62	63	33M2I29M
370	125	0.298	1.245E-03	21	85	86	1	65	66	25M1I9M2D17M1I12M
172	125	0.352	4.503E-04	22	85	86	1	67	68	28M2D5M2D12M1I18M
332	125	0.150	5.645E-04	21	85	86	1	73	74	8M2D27M1D10M5D20M
344	125	0.164	9.933E-04	21	85	86	1	73	74	8M2D27M1D14M5D16M
384	124	0.298	1.051E-03	21	85	86	1	65	66	25M1I8M2D18M1I12M
175	124	0.367	2.708E-04	22	85	86	1	67	68	28M2D5M1D2M1D13M1I15M
325	124	0.150	6.688E-04	21	85	86	1	73	74	8M2D27M1D10M5D20M
327	124	0.150	5.974E-04	21	85	86	1	73	74	8M2D27M1D10M5D20M
245	123	0.343	8.384E-04	22	85	86	1	59	60	19M2I19M2I7M1I14M
251	123	0.343	9.933E-04	22	85	86	1	59	60	19M2I19M2I7M1I14M
372	123	0.303	9.387E-04	22	85	86	2	65	66	24M1I7M2D19M1I12M
375	123	0.283	1.112E-03	21	85	86	1	65	66	25M1I5M2D21M1I12M
343	123	0.150	5.974E-04	21	85	86	1	73	74	8M2D27M1D10M5D20M
330	122	0.150	7.077E-04	21	85	86	1	73	74	7M2D27M1D11M5D20M
338	122	0.164	1.318E-03	21	85	86	1	73	74	7M2D27M1D14M5D17M
378	121	0.298	1.245E-03	21	85	86	1	65	66	25M1I8M2D18M1I12M
382	121	0.298	1.318E-03	21	85	86	1	65	66	25M1I9M2D17M1I12M
299	121	0.222	1.177E-03	17	83	86	1	71	75	17M3D20M1D2M1D15M1I12M
12	119	0.312	1.112E-03	22	84	86	1	59	60	4M3I10M1I3M1D29M1I12M
425	119	0.285	1.748E-03	22	84	86	1	59	60	4M3I43M1I12M
130	119	0.294	2.318E-03	22	85	86	1	65	66	4M3I24M4D33M
302	119	0.306	7.924E-04	16	83	86	1	73	77	4M1D8M4D4M1I21M1D5M1D12M1I12M
479	119	0.215	5.335E-04	21	85	86	1	79	82	6M4D22M6D23M4D14M
159	118	0.367	3.209E-04	22	85	86	1	67	68	29M4D16M1I18M
337	118	0.164	1.245E-03	21	85	86	1	73	74	5M2D29M1D17M5D14M
2	117	0.312	1.394E-03	22	84	86	1	59	60	4M3I10M1I3M1D29M1I12M
8	117	0.312	1.318E-03	22	84	86	1	59	60	4M3I10M1I3M1D29M1I12M
17	117	0.301	1.318E-03	22	84	86	1	59	60	4M3I43M1I12M
455	117	0.285	1.245E-03	22	84	86	1	59	60	4M3I43M1I12M
122	117	0.378	1.394E-03	21	84	86	0	65	66	8M2D56M
336	117	0.150	4.503E-04	21	85	86	1	73	74	7M2D13M1D25M5D20M
342	117	0.150	5.042E-04	21	85	86	1	73	74	7M2D13M1D25M5D20M
430	116	0.307	1.957E-03	22	85	86	1	57	58	4M2I3M2I16M1D21M4I12M
413	116	0.301	2.906E-03	22	84	86	1	58	59	4M2I27M2I15M1I12M
1	116	0.312	1.475E-03	22	84	86	1	59	60	4M3I10M1I3M1D29M1I12M
9	116	0.312	1.318E-03	22	84	86	1	59	60	4M3I10M1I3M1D29M1I12M
269	116	0.301	1.849E-03	22	84	86	1	59	60	2M1I3M2I42M1I12M
465	116	0.285	1.318E-03	22	84	86	1	59	60	4M3I38M1I17M
168	116	0.358	4.503E-04	23	85	86	2	67	68	27M2D5M2D12M1I18M
300	116	0.225	1.561E-03	18	83	86	1	70	74	16M3D20M1D2M1D15M1I12M
328	116	0.150	4.765E-04	21	85	86	1	73	74	7M2D13M1D25M5D20M
15	115	0.312	1.652E-03	22	84	86	1	59	60	4M3I10M1I3M1D29M1I12M
19	115	0.312	1.394E-03	22	84	86	1	59	60	4M3I10M1I3M1D24M1I17M
249	115	0.343	1.112E-03	22	85	86	1	59	60	19M2I19M2I7M1I14M
281	115	0.285	1.748E-03	22	84	86	1	59	60	5M3I42M1I12M
3	114	0.312	1.748E-03	22	84	86	1	59	60	4M3I10M1I3M1D29M1I12M
334	114	0.150	1.394E-03	21	85	86	1	73	74	8M2D27M1D10M5D20M
385	114	0.135	1.561E-03	21	85	86	1	74	76	8M1D21M3D5M1D14M4D17M
412	113	0.317	3.443E-03	22	84	86	1	53	54	4M2I21M2I1M5I10M1I17M
4	113	0.312	1.748E-03	22	84	86	1	59	60	4M3I10M1I3M1D29M1I12M
18	113	0.301	1.957E-03	22	84	86	1	59	60	4M3I43M1I12M
283	113	0.285	1.957E-03	22	84	86	1	59	60	5M3I37M1I17M
452	113	0.285	1.849E-03	22	84	86	1	59	60	4M3I43M1I12M
515	113	0.285	1.475E-03	22	84	86	1	59	60	4M3I43M1I12M
374	113	0.298	2.453E-03	21	85	86	1	65	66	25M1I8M2D18M1I12M
496	112	0.407	2.746E-03	34	85	86	7	58	59	5M1I3M1D10M1D19M1I13M
14	112	0.312	1.849E-03	22	84	86	1	59	60	4M3I10M1I3M1D29M1I12M
16	112	0.312	1.849E-03	22	84	86	1	59	60	4M3I10M1I3M1D24M1I17M
279	112	0.301	2.070E-03	22	84	86	1	59	60	2M1I3M2I37M1I17M
424	112	0.296	2.318E-03	22	84	86	1	59	60	2M2I4M1I8M1I3M1D29M1I12M
463	112	0.285	1.957E-03	22	84	86	1	59	60	4M3I43M1I12M
468	112	0.285	2.070E-03	22	84	86	1	59	60	4M3I43M1I12M
499	112	0.285	1.748E-03	22	84	86	1	59	60	4M3I43M1I12M
329	112	0.150	9.387E-04	21	85	86	1	73	74	8M2D12M1D25M5D20M
387	112	0.135	2.318E-03	21	85	86	1	74	76	8M1D26M4D14M3D3M1D14M
490	112	0.215	1.245E-03	21	85	86	1	79	82	5M2D6M2D18M1D4M5D17M4D15M
431	111	0.307	3.443E-03	22	85	86	1	57	58	4M2I3M2I16M1D21M4I12M
248	111	0.343	2.453E-03	22	85	86	1	59	60	19M2I19M2I7M1I14M
449	111	0.285	2.191E-03	22	84	86	1	59	60	4M3I43M1I12M
505	111	0.285	1.849E-03	22	84	86	1	59	60	4M3I43M1I12M
511	111	0.285	1.748E-03	22	84	86	1	59	60	4M3I43M1I12M
477	111	0.217	6.688E-04	21	84	86	1	78	82	6M4D23M1D5M5D16M4D14M
257	110	0.343	1.748E-03	22	85	86	1	59	60	19M2I19M2I7M1I14M
421	110	0.285	3.443E-03	22	84	86	1	59	60	4M3I43M1I12M
427	110	0.285	2.595E-03	22	84	86	1	59	60	4M3I38M1I17M
450	110	0.285	2.595E-03	22	84	86	1	59	60	4M3I43M1I12M
460	110	0.285	2.191E-03	22	84	86	1	59	60	4M3I43M1I12M
504	110	0.285	2.191E-03	22	84	86	1	59	60	4M3I43M1I12M
5	109	0.312	2.191E-03	22	84	86	1	59	60	4M3I10M1I3M1D24M1I17M
7	109	0.312	2.746E-03	22	84	86	1	59	60	4M3I10M1I3M1D29M1I12M
280	109	0.285	2.746E-03	22	84	86	1	59	60	4M3I43M1I12M
156	109	0.367	1.245E-03	22	85	86	1	67	68	29M4D16M1I18M
174	109	0.367	5.042E-04	22	85	86	1	67	68	28M4D17M1I18M
6	108	0.312	2.595E-03	22	84	86	1	59	60	4M3I10M1I3M1D29M1I12M
11	108	0.312	2.906E-03	22	84	86	1	59	60	4M3I10M1I3M1D29M1I12M
247	108	0.343	2.453E-03	22	85	86	1	59	60	19M2I19M2I7M1I14M
508	108	0.285	2.191E-03	22	84	86	1	59	60	4M3I43M1I12M
369	108	0.313	4.079E-03	21	85	86	1	65	66	26M1I7M2D18M1I12M
403	108	0.148	3.075E-03	21	85	86	1	74	76	10M1D20M4D19M2D3M2D13M
10	107	0.312	2.906E-03	22	84	86	1	59	60	4M3I10M1I3M1D29M1I12M
256	107	0.343	2.191E-03	22	85	86	1	59	60	19M2I19M2I7M1I14M
268	107	0.296	2.746E-03	22	84	86	1	59	60	4M3I10M1I3M1D28M1I13M
453	107	0.285	3.075E-03	22	84	86	1	59	60	4M3I43M1I12M
454	107	0.296	2.906E-03	22	84	86	1	59	60	4M3I10M1I3M1D29M1I12M
467	107	0.285	2.746E-03	22	84	86	1	59	60	4M3I43M1I12M
507	107	0.285	3.254E-03	22	84	86	1	59	60	4M3I41M1I14M
335	107	0.150	1.475E-03	21	85	86	1	73	74	4M2D30M1D11M5D20M
340	107	0.150	2.453E-03	21	85	86	1	73	74	8M2D27M1D10M5D20M
390	107	0.160	2.070E-03	21	85	86	1	74	76	10M1D19M1D5M3D13M5D4M1I13M
261	106	0.317	2.746E-03	22	84	86	1	59	60	2M2I6M1I39M1I12M
458	106	0.296	3.254E-03	22	84	86	1	59	60	4M3I10M1I3M1D29M1I12M
459	106	0.285	2.906E-03	22	84	86	1	59	60	4M3I38M1I17M
509	106	0.285	3.075E-03	22	84	86	1	59	60	4M3I43M1I12M
510	106	0.285	2.906E-03	22	84	86	1	59	60	4M3I43M1I12M
377	106	0.283	3.643E-03	21	85	86	1	65	66	25M1I3M2D23M1I12M
173	106	0.367	9.387E-04	22	85	86	1	67	68	29M4D20M1I14M
20	105	0.285	5.410E-03	22	84	86	1	59	60	4M3I43M1I12M
260	105	0.317	3.443E-03	22	84	86	1	59	60	2M2I6M1I38M1I13M
461	105	0.296	2.906E-03	22	84	86	1	59	60	4M3I10M1I3M1D29M1I12M
513	105	0.296	3.075E-03	22	84	86	1	59	60	4M3I10M1I3M1D29M1I12M
13	104	0.312	4.079E-03	22	84	86	1	59	60	4M3I10M1I3M1D29M1I12M
240	104	0.343	1.957E-03	22	85	86	1	59	60	19M2I19M2I7M1I14M
286	104	0.301	2.318E-03	22	84	86	1	59	60	2M1I3M2I42M1I12M
451	104	0.296	3.854E-03	22	84	86	1	59	60	4M3I10M1I3M1D29M1I12M
500	104	0.285	3.254E-03	22	84	86	1	59	60	4M3I38M1I17M
365	104	0.279	1.957E-03	20	85	86	1	65	66	12M1I13M1I8M2D18M1I12M
393	104	0.146	3.854E-03	21	85	86	1	74	76	7M1D24M4D17M5D3M1I13M
480	104	0.215	1.245E-03	21	85	86	1	79	82	11M4D23M6D17M4D14M
85	103	0.285	6.409E-03	22	84	86	1	59	60	4M3I42M1I13M
237	103	0.285	3.854E-03	22	84	86	1	59	60	4M3I43M1I12M
250	103	0.343	3.854E-03	22	85	86	1	59	60	19M2I19M2I7M1I14M
263	103	0.285	4.316E-03	22	84	86	1	59	60	2M2I6M1I38M1I13M
464	103	0.285	3.643E-03	22	84	86	1	59	60	4M3I43M1I12M
466	103	0.285	3.643E-03	22	84	86	1	59	60	4M3I43M1I12M
498	103	0.285	4.079E-03	22	84	86	1	59	60	4M3I43M1I12M
501	103	0.285	4.079E-03	22	84	86	1	59	60	4M3I43M1I12M
516	103	0.296	3.643E-03	22	84	86	1	59	60	4M3I10M1I3M1D29M1I12M
0	102	0.312	4.079E-03	22	84	86	1	59	60	4M3I10M1I3M1D24M1I17M
239	102	0.343	2.191E-03	22	85	86	1	59	60	19M2I19M2I7M1I14M
242	102	0.349	1.177E-03	23	85	86	2	59	60	18M2I19M2I7M1I14M
272	102	0.281	3.254E-03	22	84	86	1	59	60	2M1D2M4I37M1I17M
284	102	0.301	3.443E-03	22	84	86	1	59	60	2M2I6M1I37M1I14M
426	102	0.296	4.832E-03	22	84	86	1	59	60	4M3I10M1I3M1D24M1I17M
456	102	0.285	4.832E-03	22	84	86	1	59	60	4M3I43M1I12M
506	102	0.285	3.854E-03	22	84	86	1	59	60	4M3I43M1I12M
481	102	0.230	2.191E-03	21	84	86	1	78	82	5M4D29M6D17M4D13M
414	101	0.312	7.593E-03	22	84	86	1	58	59	4M2I11M1I3M1D12M2I15M1I12M
423	101	0.285	7.593E-03	22	84	86	1	59	60	4M3I43M1I12M
428	101	0.285	6.409E-03	22	84	86	1	59	60	4M3I38M1I17M
164	101	0.352	1.849E-03	22	85	86	1	67	68	28M2D4M2D13M1I18M
171	101	0.352	8.384E-04	22	85	86	1	67	68	28M2D6M1D1M1D16M1I12M
429	100	0.296	6.782E-03	22	84	86	1	59	60	4M3I10M1I3M1D29M1I12M
502	100	0.285	4.316E-03	22	84	86	1	59	60	4M3I43M1I12M
301	100	0.309	7.593E-03	20	85	86	6	73	75	8M3D10M1I4M1I10M1D2M1D15M1I14M
285	99	0.301	4.316E-03	22	84	86	1	59	60	2M1I3M2I37M1I17M
462	99	0.285	5.113E-03	22	84	86	1	59	60	4M3I43M1I12M
170	99	0.373	2.595E-03	23	85	86	2	67	68	28M4D16M1I18M
448	98	0.353	8.034E-03	21	85	86	0	56	57	20M2I7M3I9M2I7M1I14M
259	98	0.317	4.566E-03	22	84	86	1	59	60	2M2I7M1I33M1I17M
476	98	0.217	3.854E-03	21	84	86	1	78	82	6M3D1M1D22M6D21M4D14M
225	97	0.285	6.409E-03	22	84	86	1	59	60	4M3I43M1I12M
167	97	0.371	2.191E-03	22	85	86	1	67	68	28M4D17M3I2M2D14M
386	97	0.148	2.906E-03	21	85	86	1	74	76	8M1D9M1D16M3D16M3D3M1D13M
388	97	0.148	3.643E-03	21	85	86	1	74	76	8M1D9M1D16M3D15M3D4M1D13M
87	96	0.296	1.007E-02	22	84	86	1	59	60	4M3I10M1I3M1D29M1I12M
227	96	0.285	6.057E-03	22	84	86	1	59	60	4M3I43M1I12M
228	96	0.285	6.409E-03	22	84	86	1	59	60	4M3I43M1I12M
457	96	0.285	6.782E-03	22	84	86	1	59	60	4M3I43M1I12M
484	96	0.215	2.906E-03	21	85	86	1	79	82	5M2D6M2D16M1D7M5D17M4D14M
486	96	0.212	2.746E-03	21	84	86	1	78	82	5M2I4M6D18M1D5M5D17M4D13M
493	96	0.202	4.832E-03	21	85	86	1	79	82	6M3D5M1D17M1D5M5D18M4D14M
232	95	0.285	7.593E-03	22	84	86	1	59	60	4M3I43M1I12M
276	95	0.285	7.176E-03	22	84	86	1	59	60	5M3I37M1I17M
482	95	0.215	2.595E-03	21	85	86	1	79	82	5M2D6M2D18M1D5M5D11M4D20M
447	94	0.353	1.193E-02	21	85	86	0	56	57	20M2I7M3I9M2I7M1I14M
21	94	0.283	8.996E-03	33	84	86	9	59	60	18M1I4M1D15M1I13M
224	94	0.285	7.593E-03	22	84	86	1	59	60	4M3I43M1I12M
270	94	0.301	6.057E-03	22	84	86	1	59	60	2M1I3M2I37M1I17M
271	94	0.301	6.782E-03	22	84	86	1	59	60	2M2I6M1I34M1I17M
497	94	0.296	9.518E-03	22	84	86	1	59	60	4M3I10M1I3M1D28M1I13M
514	94	0.285	7.176E-03	22	84	86	1	59	60	4M3I43M1I12M
162	94	0.409	2.191E-03	29	85	86	9	67	68	3M1I17M4D21M1I14M
483	94	0.215	2.906E-03	21	85	86	1	79	82	8M2D3M2D16M1D6M4D3M1D15M4D14M
363	93	0.307	6.057E-03	22	85	86	1	56	57	5M3I5M2I17M1D13M1I4M3I11M
241	93	0.343	6.057E-03	22	85	86	1	59	60	19M2I19M2I7M1I14M
253	93	0.349	6.409E-03	23	85	86	2	59	60	18M2I19M2I7M1I14M
446	92	0.338	1.128E-02	21	85	86	0	56	57	20M2I13M3I3M2I7M1I14M
86	92	0.296	1.414E-02	22	84	86	1	59	60	4M3I10M1I3M1D24M1I17M
243	92	0.343	5.410E-03	22	85	86	1	59	60	19M2I19M2I7M1I14M
503	92	0.296	8.996E-03	22	84	86	1	59	60	4M3I10M1I3M1D29M1I12M
512	92	0.296	8.996E-03	22	84	86	1	59	60	4M3I10M1I3M1D29M1I12M
157	92	0.352	4.832E-03	22	85	86	1	67	68	28M2D5M2D16M1I14M
394	92	0.148	8.996E-03	21	85	86	1	74	76	10M1D20M4D16M3D5M1D14M
396	92	0.160	8.996E-03	21	85	86	1	74	76	8M1D23M2D3M2D14M5D2M1I14M
478	92	0.215	2.595E-03	21	85	86	1	79	82	5M2D6M2D16M6D24M4D14M
222	91	0.296	9.518E-03	22	84	86	1	59	60	4M3I10M1I3M1D29M1I12M
231	91	0.285	1.007E-02	22	84	86	1	59	60	4M3I43M1I12M
236	91	0.296	9.518E-03	22	84	86	1	59	60	4M3I10M1I3M1D29M1I12M
398	91	0.160	4.832E-03	21	85	86	1	74	76	7M1D10M1D13M3D18M5D2M1I14M
491	91	0.200	4.079E-03	21	85	86	1	79	82	6M3D5M1D14M1I8M7D17M4D14M
34	90	0.430	3.854E-03	22	85	86	1	58	59	19M2I8M2I9M1D10M3I11M
267	90	0.301	1.414E-02	22	84	86	1	59	60	2M1I3M2I40M1I14M
278	90	0.250	5.113E-03	24	84	86	1	59	60	6M1I19M7D1M7I9M1I17M
66	90	0.318	1.414E-02	21	85	86	0	60	61	18M2I21M2I3M1I12M1D6M
160	90	0.366	2.453E-03	22	85	86	1	67	68	2M2I3M3D3M1I18M4D20M1I14M
389	90	0.173	5.410E-03	21	85	86	1	74	76	8M1D9M1D14M3D16M5D4M1I13M
230	89	0.285	1.193E-02	22	84	86	1	59	60	4M3I43M1I12M
254	89	0.343	7.593E-03	22	85	86	1	59	60	19M2I19M2I7M1I14M
169	89	0.358	8.034E-03	23	85	86	2	67	68	31M4D14M1I17M
401	89	0.146	1.263E-02	21	85	86	1	74	76	7M1D24M4D17M5D3M1I13M
38	88	0.421	4.832E-03	22	85	86	1	58	59	17M1I3M1I7M2I21M2I10M
273	88	0.285	1.414E-02	22	84	86	1	59	60	4M3I42M1I13M
165	88	0.338	1.957E-03	24	85	86	1	67	68	6M2D20M2D6M1D1M1D16M1I12M
397	88	0.160	4.832E-03	21	85	86	1	74	76	8M1D9M1D13M3D18M5D3M1I13M
220	87	0.285	1.336E-02	22	84	86	1	59	60	4M3I43M1I12M
233	87	0.285	1.496E-02	22	84	86	1	59	60	4M3I43M1I12M
392	87	0.160	1.128E-02	21	85	86	1	74	76	8M1D20M1D6M3D13M5D4M1I13M
219	86	0.296	1.496E-02	22	84	86	1	59	60	4M3I10M1I3M1D29M1I12M
395	86	0.160	7.176E-03	21	85	86	1	74	76	10M1D7M1D17M3D14M5D2M1I14M
485	86	0.225	7.593E-03	21	84	86	1	78	82	5M2I4M6D23M6D17M4D13M
221	85	0.285	1.675E-02	22	84	86	1	59	60	4M3I43M1I12M
223	85	0.296	1.496E-02	22	84	86	1	59	60	4M3I10M1I3M1D29M1I12M
234	85	0.296	1.675E-02	22	84	86	1	59	60	4M3I10M1I3M1D29M1I12M
255	85	0.349	8.996E-03	23	85	86	2	59	60	18M2I19M2I7M1I14M
166	85	0.328	4.079E-03	20	85	86	2	67	68	14M3I13M2D4M2D18M1I13M
133	84	0.377	4.832E-03	37	85	86	12	63	66	16M4D17M1I15M
163	84	0.371	1.007E-02	22	85	86	1	67	68	28M4D17M3I2M2D14M
238	83	0.285	1.984E-02	22	84	86	1	59	60	4M3I42M1I13M
288	83	0.285	1.414E-02	22	84	86	1	59	60	4M3I44M1I11M
391	83	0.184	1.414E-02	21	85	86	1	74	76	10M1D7M1D5M1I5M1D5M3D14M5D4M1I13M
488	83	0.215	7.593E-03	21	85	86	1	79	82	6M3D1M1D22M5D7M1D9M4D20M
226	82	0.285	1.984E-02	22	84	86	1	59	60	4M3I43M1I12M
229	82	0.285	1.875E-02	22	84	86	1	59	60	4M3I43M1I12M
400	82	0.160	1.583E-02	21	85	86	1	74	76	8M1D21M1D5M3D13M5D6M1I11M
487	82	0.202	1.263E-02	21	85	86	1	79	82	11M4D17M1D6M5D17M4D14M
346	81	0.323	1.984E-02	22	85	86	1	56	57	5M3I5M2I17M1D14M1I3M3I11M
349	81	0.323	1.984E-02	22	85	86	1	56	57	5M3I5M2I17M1D14M1I3M3I11M
274	81	0.301	1.984E-02	22	84	86	1	59	60	2M1I1M2I39M1I17M
146	81	0.366	5.113E-03	30	85	86	5	63	66	22M4D19M1I14M
475	81	0.212	4.079E-03	21	84	86	1	78	82	5M2I4M6D6M1D17M5D17M4D13M
494	81	0.215	8.034E-03	21	85	86	1	79	82	5M4D12M1D13M5D21M4D14M
438	80	0.343	2.785E-02	22	85	86	1	50	51	5M5I19M6I5M2I9M1I12M
235	80	0.296	2.487E-02	22	84	86	1	59	60	4M3I10M1I3M1D28M1I13M
399	80	0.173	1.193E-02	21	85	86	1	74	76	7M1D10M1D13M3D17M5D3M1I14M
362	79	0.307	3.299E-02	22	85	86	1	56	57	5M5I25M1D11M1I3M3I11M
246	79	0.343	1.984E-02	22	85	86	1	59	60	19M2I19M2I7M1I14M
64	79	0.303	2.099E-02	21	85	86	0	60	61	13M2I26M2I3M1I12M1D6M
435	78	0.307	4.376E-02	22	85	86	1	56	57	5M5I22M1D19M4I9M
294	78	0.285	1.772E-02	22	84	86	1	59	60	4M3I43M1I12M
262	78	0.397	7.593E-03	21	84	86	0	63	73	13M3I18M4D17M1I12M
45	77	0.421	1.414E-02	22	85	86	1	58	59	17M1I3M1I7M2I21M2I10M
51	77	0.421	1.193E-02	22	85	86	1	58	59	19M2I8M2I21M2I10M
290	77	0.285	1.984E-02	22	84	86	1	59	60	4M3I44M1I11M
492	77	0.217	6.057E-03	18	85	86	3	79	82	5M1I25M1D6M5D17M4D14M
32	76	0.421	7.176E-03	22	85	86	1	58	59	19M2I8M2I22M2I9M
62	76	0.421	1.193E-02	22	85	86	1	58	59	17M1I3M1I7M2I21M2I10M
152	76	0.363	8.501E-03	35	85	86	10	63	66	18M4D18M1I14M
30	75	0.446	1.193E-02	22	85	86	1	58	59	19M2I8M2I9M1D9M1I3M2I9M
350	74	0.292	2.785E-02	22	85	86	1	56	57	5M3I5M2I17M1D16M2I3M2I9M
436	74	0.307	5.184E-02	22	85	86	1	56	57	5M5I22M1D19M4I9M
275	74	0.312	3.694E-02	22	84	86	1	59	60	2M1I3M2I9M1I3M1D24M1I17M
50	73	0.430	1.007E-02	22	85	86	1	58	59	19M2I12M2I6M1D10M3I10M
56	73	0.424	7.176E-03	22	85	86	1	58	59	19M2I4M2I12M4I8M2D13M
277	73	0.257	2.351E-02	22	84	86	1	59	60	3M3I22M7D2M7I8M1I17M
295	72	0.285	3.491E-02	22	84	86	1	59	60	4M3I44M1I11M
355	71	0.276	4.899E-02	22	85	86	1	56	57	5M3I5M2I16M1D17M2I2M2I10M
31	71	0.421	1.875E-02	22	85	86	1	58	59	17M1I3M1I7M2I22M2I9M
489	71	0.217	1.128E-02	18	85	86	3	79	82	5M1I26M5D7M1D15M4D14M
356	70	0.307	3.908E-02	22	85	86	1	56	57	5M3I5M2I17M1D13M1I4M3I11M
282	70	0.278	4.899E-02	24	84	86	1	59	60	8M1I39M1I12M
140	70	0.382	1.675E-02	43	85	86	18	63	66	10M4D18M1I14M
144	70	0.382	1.496E-02	43	85	86	18	63	66	10M4D17M1I15M
145	70	0.377	1.583E-02	37	85	86	12	63	66	16M4D18M1I14M
360	69	0.307	5.184E-02	22	85	86	1	56	57	5M3I5M2I17M1D13M1I4M3I11M
53	69	0.421	2.351E-02	22	85	86	1	58	59	19M2I8M2I21M2I10M
142	69	0.377	1.772E-02	37	85	86	12	63	66	16M4D18M1I14M
439	68	0.333	3.299E-02	23	85	86	2	49	50	4M1I4M5I14M6I5M2I9M1I12M
28	68	0.439	1.875E-02	22	85	86	1	58	59	19M2I8M2I9M2I2M2I5M2D13M
29	68	0.421	2.487E-02	22	85	86	1	58	59	17M1I3M1I7M2I22M2I9M
151	68	0.370	2.487E-02	34	83	86	9	61	66	19M4D17M1I13M
402	68	0.200	9.518E-03	23	85	86	1	74	76	7M3D8M1D17M3D12M5D6M1I12M
358	67	0.307	6.142E-02	22	85	86	1	56	57	5M3I5M2I17M1D13M1I4M3I11M
46	67	0.421	2.947E-02	22	85	86	1	58	59	17M1I3M1I7M2I22M2I9M
55	66	0.421	2.632E-02	22	85	86	1	58	59	17M1I3M1I7M2I22M2I9M
138	66	0.372	2.221E-02	37	83	86	12	61	66	16M4D18M1I12M
357	65	0.307	6.142E-02	22	85	86	1	56	57	5M3I5M2I20M1D10M1I4M3I11M
364	64	0.253	1.210E-01	22	85	86	1	56	57	5M5I21M3D2M2I13M4I12M
352	63	0.323	8.620E-02	22	85	86	1	56	57	5M3I5M2I17M1D14M1I3M3I11M
354	63	0.323	7.699E-02	22	85	86	1	56	57	5M3I5M2I17M1D14M1I3M3I11M
43	63	0.430	4.376E-02	22	85	86	1	58	59	17M1I3M1I7M2I9M1D11M3I10M
143	63	0.377	2.221E-02	37	85	86	12	63	66	15M4D15M1I18M
149	63	0.368	3.118E-02	33	85	86	8	63	66	19M4D18M1I15M
48	62	0.430	3.908E-02	22	85	86	1	58	59	17M1I3M1I7M2I9M1D11M3I10M
134	62	0.363	3.118E-02	35	85	86	10	63	66	19M3D3M1D10M1I18M
347	61	0.307	1.021E-01	22	85	86	1	56	57	5M3I5M2I17M1D13M1I4M3I11M
353	61	0.318	5.184E-02	43	85	86	17	56	57	11M1D16M2I2M2I10M
27	61	0.421	5.804E-02	22	85	86	1	58	59	19M2I8M2I21M2I10M
33	61	0.430	3.694E-02	22	85	86	1	58	59	17M1I3M1I7M2I9M1D11M3I10M
136	61	0.382	3.694E-02	43	85	86	18	63	66	9M4D19M1I14M
137	61	0.377	4.630E-02	37	85	86	12	63	66	16M4D17M1I15M
141	61	0.377	2.785E-02	37	85	86	12	63	66	15M4D15M1I18M
348	60	0.323	1.210E-01	22	85	86	1	56	57	5M3I5M2I17M1D14M1I3M3I11M
60	60	0.430	4.376E-02	22	85	86	1	58	59	19M2I12M2I5M1D11M3I10M
404	60	0.186	2.487E-02	23	85	86	1	74	76	7M3D8M1D17M3D14M5D2M1I14M
345	59	0.307	1.021E-01	22	85	86	1	56	57	5M3I5M2I17M1D13M1I4M3I11M
361	59	0.294	5.184E-02	22	85	86	1	56	57	5M3I5M2I10M3I7M4D12M2I4M2I9M
25	59	0.411	5.486E-02	22	85	86	1	58	59	19M2I7M4D1M6I17M2I10M
58	59	0.430	6.877E-02	22	85	86	1	58	59	17M1I3M1I7M2I9M1D10M3I11M
154	59	0.372	4.376E-02	37	83	86	12	61	66	16M4D16M1I14M
40	58	0.421	6.142E-02	22	85	86	1	58	59	17M1I3M1I7M2I21M2I10M
52	58	0.397	5.486E-02	22	85	86	1	58	59	19M2I7M4D1M6I5M2I22M
443	58	0.157	4.630E-02	22	85	86	1	75	82	3M3D8M1D6M1I2M2D13M2D11M4D20M
41	57	0.430	5.804E-02	22	85	86	1	58	59	19M2I8M2I10M1D9M3I11M
150	57	0.382	4.376E-02	43	85	86	18	63	66	10M4D16M1I16M
35	56	0.424	3.491E-02	22	85	86	1	58	59	17M1I3M1I3M2I12M4I8M2D13M
442	56	0.157	6.142E-02	22	85	86	1	75	81	3M3D8M1D6M1I2M2D13M2D11M4D20M
139	55	0.338	5.184E-02	26	85	86	0	63	66	5M1D21M4D18M1I15M
147	55	0.320	6.142E-02	35	80	86	10	58	66	17M4D15M1I13M
155	55	0.377	5.486E-02	37	85	86	12	63	66	17M3D3M1D10M1I18M
22	54	0.300	1.210E-01	35	84	86	11	59	60	32M1I17M
148	54	0.267	4.136E-02	14	80	86	3	58	66	10M14I15M4D18M1I9M
153	51	0.338	7.276E-02	22	85	86	1	63	66	2M4I25M4D14M1I18M
297	50	0.285	1.698E-01	22	84	86	1	59	60	12M3I35M1I12M
293	49	0.262	1.698E-01	24	84	86	1	59	60	4M1I44M1I11M
287	48	0.253	1.210E-01	22	84	86	1	59	60	4M3I18M1I2M4D8M3I11M1I12M
292	47	0.287	1.698E-01	22	84	86	1	59	60	12M3I11M1D6M2D2M3I13M1I12M
135	47	0.382	1.698E-01	43	85	86	18	63	66	10M4D18M1I14M
359	45	0.318	2.012E-01	43	85	86	17	56	57	11M1D15M2I4M2I9M
351	43	0.276	3.963E-01	22	85	86	1	56	57	10M5I17M1D15M2I4M2I9M
289	43	0.272	2.669E-01	22	84	86	1	59	60	12M3I13M3D6M3I13M1I12M
296	42	0.283	2.012E-01	22	84	86	1	59	60	12M3I10M1I3M2D3M2D2M3I13M1I12M
291	32	0.285	6.590E-01	30	84	86	9	59	60	4M3I14M1D8M1I12M1I12M
441	5	0.192	5.960E+00	24	78	86	303	350	422	12M4I10M2I7M2D4M3I13M
440	4	0.192	7.892E+00	24	78	86	303	350	422	12M4I10M2I7M2D4M3I13M
 